{
  "generated_at": "2025-11-15T16:37:49.291405+00:00",
  "parameters": {
    "outputs_dir": "outputs_combined",
    "min_pair_count": 3
  },
  "label": "Agriculture & Food Systems",
  "category": "topic",
  "min_pair_threshold": 3,
  "data": {
    "countries": [
      "Austria",
      "Belgium",
      "Bulgaria",
      "Croatia",
      "Cyprus",
      "Czechia",
      "Denmark",
      "Estonia",
      "Finland",
      "France",
      "Germany",
      "Greece",
      "Hungary",
      "Ireland",
      "Italy",
      "Latvia",
      "Lithuania",
      "Luxembourg",
      "Malta",
      "Netherlands",
      "Poland",
      "Portugal",
      "Romania",
      "Slovakia",
      "Slovenia",
      "Spain",
      "Sweden"
    ],
    "distance_matrix": [
      [
        0.0,
        0.128824,
        0.187736,
        0.177333,
        0.18087,
        0.226512,
        0.296,
        0.166383,
        0.210909,
        0.176786,
        0.1788,
        0.197778,
        0.172059,
        0.222619,
        0.198393,
        0.16439,
        0.205111,
        0.163953,
        0.181795,
        0.2008,
        0.189032,
        0.1724,
        0.250784,
        0.18234,
        0.13381,
        0.2196,
        0.193421
      ],
      [
        0.128824,
        0.0,
        0.1015,
        0.110698,
        0.087895,
        0.109697,
        0.166154,
        0.107381,
        0.1125,
        0.114894,
        0.155854,
        0.114583,
        0.128846,
        0.124,
        0.115833,
        0.132,
        0.097143,
        0.090882,
        0.121111,
        0.120233,
        0.091739,
        0.112553,
        0.13641,
        0.104474,
        0.11325,
        0.134762,
        0.142414
      ],
      [
        0.187736,
        0.1015,
        0.0,
        0.109655,
        0.10875,
        0.142449,
        0.285854,
        0.145556,
        0.1746,
        0.154444,
        0.214528,
        0.109394,
        0.13,
        0.1844,
        0.148308,
        0.105918,
        0.100755,
        0.130222,
        0.105333,
        0.193833,
        0.108462,
        0.131148,
        0.130167,
        0.103273,
        0.133636,
        0.146491,
        0.212558
      ],
      [
        0.177333,
        0.110698,
        0.109655,
        0.0,
        0.092069,
        0.134762,
        0.228571,
        0.125306,
        0.15625,
        0.11746,
        0.199273,
        0.09803,
        0.105789,
        0.174902,
        0.130145,
        0.122549,
        0.11875,
        0.103659,
        0.110625,
        0.179841,
        0.136316,
        0.119077,
        0.143333,
        0.121633,
        0.103878,
        0.118437,
        0.175
      ],
      [
        0.18087,
        0.087895,
        0.10875,
        0.092069,
        0.0,
        0.100476,
        0.214,
        0.103261,
        0.143673,
        0.132812,
        0.187455,
        0.054058,
        0.116563,
        0.125192,
        0.12831,
        0.121556,
        0.098679,
        0.079302,
        0.098261,
        0.170968,
        0.101053,
        0.100952,
        0.131071,
        0.128,
        0.1225,
        0.122969,
        0.155135
      ],
      [
        0.226512,
        0.109697,
        0.142449,
        0.134762,
        0.100476,
        0.0,
        0.158571,
        0.124255,
        0.161628,
        0.137143,
        0.255682,
        0.130417,
        0.132812,
        0.120256,
        0.119808,
        0.104524,
        0.101429,
        0.097949,
        0.135833,
        0.190638,
        0.144062,
        0.13,
        0.158958,
        0.086512,
        0.167556,
        0.145417,
        0.204
      ],
      [
        0.296,
        0.166154,
        0.285854,
        0.228571,
        0.214,
        0.158571,
        0.0,
        0.184222,
        0.185435,
        0.212364,
        0.173878,
        0.239167,
        0.252,
        0.175333,
        0.269623,
        0.22,
        0.199787,
        0.181667,
        0.208182,
        0.162115,
        0.305,
        0.2156,
        0.275227,
        0.262286,
        0.217907,
        0.256122,
        0.127105
      ],
      [
        0.166383,
        0.107381,
        0.145556,
        0.125306,
        0.103261,
        0.124255,
        0.184222,
        0.0,
        0.095,
        0.144091,
        0.188644,
        0.130667,
        0.190303,
        0.136923,
        0.138923,
        0.1252,
        0.131579,
        0.143409,
        0.1185,
        0.118387,
        0.175143,
        0.124516,
        0.217455,
        0.145111,
        0.146296,
        0.176102,
        0.096327
      ],
      [
        0.210909,
        0.1125,
        0.1746,
        0.15625,
        0.143673,
        0.161628,
        0.185435,
        0.095,
        0.0,
        0.160476,
        0.192333,
        0.147368,
        0.218065,
        0.136735,
        0.156094,
        0.1828,
        0.151321,
        0.162093,
        0.104615,
        0.123443,
        0.209143,
        0.138393,
        0.224706,
        0.189762,
        0.16451,
        0.166491,
        0.094894
      ],
      [
        0.176786,
        0.114894,
        0.154444,
        0.11746,
        0.132812,
        0.137143,
        0.212364,
        0.144091,
        0.160476,
        0.0,
        0.195513,
        0.152105,
        0.135,
        0.126833,
        0.139398,
        0.145714,
        0.122344,
        0.126038,
        0.135102,
        0.175926,
        0.178444,
        0.143247,
        0.203231,
        0.143455,
        0.150909,
        0.153718,
        0.156154
      ],
      [
        0.1788,
        0.155854,
        0.214528,
        0.199273,
        0.187455,
        0.255682,
        0.173878,
        0.188644,
        0.192333,
        0.195513,
        0.0,
        0.225,
        0.250556,
        0.207222,
        0.26,
        0.244151,
        0.219138,
        0.195106,
        0.152927,
        0.148358,
        0.239048,
        0.213582,
        0.261091,
        0.246154,
        0.157193,
        0.238857,
        0.176327
      ],
      [
        0.197778,
        0.114583,
        0.109394,
        0.09803,
        0.054058,
        0.130417,
        0.239167,
        0.130667,
        0.147368,
        0.152105,
        0.225,
        0.0,
        0.120238,
        0.143103,
        0.117976,
        0.123396,
        0.113333,
        0.134792,
        0.084259,
        0.179054,
        0.139348,
        0.108514,
        0.108333,
        0.130702,
        0.111833,
        0.135811,
        0.159302
      ],
      [
        0.172059,
        0.128846,
        0.13,
        0.105789,
        0.116563,
        0.132812,
        0.252,
        0.190303,
        0.218065,
        0.135,
        0.250556,
        0.120238,
        0.0,
        0.177097,
        0.127333,
        0.119394,
        0.116154,
        0.142353,
        0.126207,
        0.24425,
        0.12619,
        0.117179,
        0.131282,
        0.076286,
        0.145526,
        0.139302,
        0.237037
      ],
      [
        0.222619,
        0.124,
        0.1844,
        0.174902,
        0.125192,
        0.120256,
        0.175333,
        0.136923,
        0.136735,
        0.126833,
        0.207222,
        0.143103,
        0.177097,
        0.0,
        0.15375,
        0.168605,
        0.132653,
        0.127561,
        0.127805,
        0.145763,
        0.199375,
        0.129138,
        0.214583,
        0.164762,
        0.1572,
        0.137258,
        0.131163
      ],
      [
        0.198393,
        0.115833,
        0.148308,
        0.130145,
        0.12831,
        0.119808,
        0.269623,
        0.138923,
        0.156094,
        0.139398,
        0.26,
        0.117976,
        0.127333,
        0.15375,
        0.0,
        0.136167,
        0.131618,
        0.140755,
        0.12463,
        0.184156,
        0.1532,
        0.126,
        0.15029,
        0.122667,
        0.155588,
        0.133875,
        0.166667
      ],
      [
        0.16439,
        0.132,
        0.105918,
        0.122549,
        0.121556,
        0.104524,
        0.22,
        0.1252,
        0.1828,
        0.145714,
        0.244151,
        0.123396,
        0.119394,
        0.168605,
        0.136167,
        0.0,
        0.0906,
        0.107895,
        0.12381,
        0.2046,
        0.093437,
        0.123962,
        0.131731,
        0.088864,
        0.161667,
        0.168889,
        0.190789
      ],
      [
        0.205111,
        0.097143,
        0.100755,
        0.11875,
        0.098679,
        0.101429,
        0.199787,
        0.131579,
        0.151321,
        0.122344,
        0.219138,
        0.113333,
        0.116154,
        0.132653,
        0.131618,
        0.0906,
        0.0,
        0.098837,
        0.113256,
        0.160937,
        0.125676,
        0.114839,
        0.134211,
        0.1092,
        0.135273,
        0.159524,
        0.191395
      ],
      [
        0.163953,
        0.090882,
        0.130222,
        0.103659,
        0.079302,
        0.097949,
        0.181667,
        0.143409,
        0.162093,
        0.126038,
        0.195106,
        0.134792,
        0.142353,
        0.127561,
        0.140755,
        0.107895,
        0.098837,
        0.0,
        0.120882,
        0.150638,
        0.116207,
        0.129796,
        0.161905,
        0.122667,
        0.110833,
        0.144082,
        0.14375
      ],
      [
        0.181795,
        0.121111,
        0.105333,
        0.110625,
        0.098261,
        0.135833,
        0.208182,
        0.1185,
        0.104615,
        0.135102,
        0.152927,
        0.084259,
        0.126207,
        0.127805,
        0.12463,
        0.12381,
        0.113256,
        0.120882,
        0.0,
        0.138298,
        0.135714,
        0.096863,
        0.137609,
        0.118205,
        0.11225,
        0.119583,
        0.144839
      ],
      [
        0.2008,
        0.120233,
        0.193833,
        0.179841,
        0.170968,
        0.190638,
        0.162115,
        0.118387,
        0.123443,
        0.175926,
        0.148358,
        0.179054,
        0.24425,
        0.145763,
        0.184156,
        0.2046,
        0.160937,
        0.150638,
        0.138298,
        0.0,
        0.234286,
        0.178676,
        0.240164,
        0.216296,
        0.177419,
        0.184306,
        0.110962
      ],
      [
        0.189032,
        0.091739,
        0.108462,
        0.136316,
        0.101053,
        0.144062,
        0.305,
        0.175143,
        0.209143,
        0.178444,
        0.239048,
        0.139348,
        0.12619,
        0.199375,
        0.1532,
        0.093437,
        0.125676,
        0.116207,
        0.135714,
        0.234286,
        0.0,
        0.130909,
        0.106579,
        0.12975,
        0.134857,
        0.157174,
        0.221429
      ],
      [
        0.1724,
        0.112553,
        0.131148,
        0.119077,
        0.100952,
        0.13,
        0.2156,
        0.124516,
        0.138393,
        0.143247,
        0.213582,
        0.108514,
        0.117179,
        0.129138,
        0.126,
        0.123962,
        0.114839,
        0.129796,
        0.096863,
        0.178676,
        0.130909,
        0.0,
        0.161148,
        0.134615,
        0.15,
        0.091818,
        0.15087
      ],
      [
        0.250784,
        0.13641,
        0.130167,
        0.143333,
        0.131071,
        0.158958,
        0.275227,
        0.217455,
        0.224706,
        0.203231,
        0.261091,
        0.108333,
        0.131282,
        0.214583,
        0.15029,
        0.131731,
        0.134211,
        0.161905,
        0.137609,
        0.240164,
        0.106579,
        0.161148,
        0.0,
        0.118036,
        0.17375,
        0.170702,
        0.24878
      ],
      [
        0.18234,
        0.104474,
        0.103273,
        0.121633,
        0.128,
        0.086512,
        0.262286,
        0.145111,
        0.189762,
        0.143455,
        0.246154,
        0.130702,
        0.076286,
        0.164762,
        0.122667,
        0.088864,
        0.1092,
        0.122667,
        0.118205,
        0.216296,
        0.12975,
        0.134615,
        0.118036,
        0.0,
        0.145769,
        0.1632,
        0.197941
      ],
      [
        0.13381,
        0.11325,
        0.133636,
        0.103878,
        0.1225,
        0.167556,
        0.217907,
        0.146296,
        0.16451,
        0.150909,
        0.157193,
        0.111833,
        0.145526,
        0.1572,
        0.155588,
        0.161667,
        0.135273,
        0.110833,
        0.11225,
        0.177419,
        0.134857,
        0.15,
        0.17375,
        0.145769,
        0.0,
        0.170678,
        0.147317
      ],
      [
        0.2196,
        0.134762,
        0.146491,
        0.118437,
        0.122969,
        0.145417,
        0.256122,
        0.176102,
        0.166491,
        0.153718,
        0.238857,
        0.135811,
        0.139302,
        0.137258,
        0.133875,
        0.168889,
        0.159524,
        0.144082,
        0.119583,
        0.184306,
        0.157174,
        0.091818,
        0.170702,
        0.1632,
        0.170678,
        0.0,
        0.178261
      ],
      [
        0.193421,
        0.142414,
        0.212558,
        0.175,
        0.155135,
        0.204,
        0.127105,
        0.096327,
        0.094894,
        0.156154,
        0.176327,
        0.159302,
        0.237037,
        0.131163,
        0.166667,
        0.190789,
        0.191395,
        0.14375,
        0.144839,
        0.110962,
        0.221429,
        0.15087,
        0.24878,
        0.197941,
        0.147317,
        0.178261,
        0.0
      ]
    ],
    "pair_count_matrix": [
      [
        0,
        34,
        53,
        45,
        46,
        43,
        35,
        47,
        44,
        56,
        50,
        54,
        34,
        42,
        56,
        41,
        45,
        43,
        39,
        50,
        31,
        50,
        51,
        47,
        42,
        50,
        38
      ],
      [
        34,
        0,
        40,
        43,
        38,
        33,
        26,
        42,
        36,
        47,
        41,
        48,
        26,
        35,
        48,
        40,
        42,
        34,
        36,
        43,
        23,
        47,
        39,
        38,
        40,
        42,
        29
      ],
      [
        53,
        40,
        0,
        58,
        56,
        49,
        41,
        54,
        50,
        63,
        53,
        66,
        36,
        50,
        65,
        49,
        53,
        45,
        45,
        60,
        39,
        61,
        60,
        55,
        55,
        57,
        43
      ],
      [
        45,
        43,
        58,
        0,
        58,
        42,
        42,
        49,
        48,
        63,
        55,
        66,
        38,
        51,
        69,
        51,
        56,
        41,
        48,
        63,
        38,
        65,
        57,
        49,
        49,
        64,
        40
      ],
      [
        46,
        38,
        56,
        58,
        0,
        42,
        45,
        46,
        49,
        64,
        55,
        69,
        32,
        52,
        71,
        45,
        53,
        43,
        46,
        62,
        38,
        63,
        56,
        50,
        52,
        64,
        37
      ],
      [
        43,
        33,
        49,
        42,
        42,
        0,
        35,
        47,
        43,
        49,
        44,
        48,
        32,
        39,
        52,
        42,
        49,
        39,
        36,
        47,
        32,
        48,
        48,
        43,
        45,
        48,
        40
      ],
      [
        35,
        26,
        41,
        42,
        45,
        35,
        0,
        45,
        46,
        55,
        49,
        48,
        20,
        45,
        53,
        39,
        47,
        36,
        33,
        52,
        24,
        50,
        44,
        35,
        43,
        49,
        38
      ],
      [
        47,
        42,
        54,
        49,
        46,
        47,
        45,
        0,
        58,
        66,
        59,
        60,
        33,
        52,
        65,
        50,
        57,
        44,
        40,
        62,
        35,
        62,
        55,
        45,
        54,
        59,
        49
      ],
      [
        44,
        36,
        50,
        48,
        49,
        43,
        46,
        58,
        0,
        63,
        60,
        57,
        31,
        49,
        64,
        50,
        53,
        43,
        39,
        61,
        35,
        56,
        51,
        42,
        51,
        57,
        47
      ],
      [
        56,
        47,
        63,
        63,
        64,
        49,
        55,
        66,
        63,
        0,
        78,
        76,
        42,
        60,
        83,
        56,
        64,
        53,
        49,
        81,
        45,
        77,
        65,
        55,
        66,
        78,
        52
      ],
      [
        50,
        41,
        53,
        55,
        55,
        44,
        49,
        59,
        60,
        78,
        0,
        64,
        36,
        54,
        71,
        53,
        58,
        47,
        41,
        67,
        42,
        67,
        55,
        52,
        57,
        70,
        49
      ],
      [
        54,
        48,
        66,
        66,
        69,
        48,
        48,
        60,
        57,
        76,
        64,
        0,
        42,
        58,
        84,
        53,
        66,
        48,
        54,
        74,
        46,
        74,
        66,
        57,
        60,
        74,
        43
      ],
      [
        34,
        26,
        36,
        38,
        32,
        32,
        20,
        33,
        31,
        42,
        36,
        42,
        0,
        31,
        45,
        33,
        39,
        34,
        29,
        40,
        21,
        39,
        39,
        35,
        38,
        43,
        27
      ],
      [
        42,
        35,
        50,
        51,
        52,
        39,
        45,
        52,
        49,
        60,
        54,
        58,
        31,
        0,
        64,
        43,
        49,
        41,
        41,
        59,
        32,
        58,
        48,
        42,
        50,
        62,
        43
      ],
      [
        56,
        48,
        65,
        69,
        71,
        52,
        53,
        65,
        64,
        83,
        71,
        84,
        45,
        64,
        0,
        60,
        68,
        53,
        54,
        77,
        50,
        80,
        69,
        60,
        68,
        80,
        48
      ],
      [
        41,
        40,
        49,
        51,
        45,
        42,
        39,
        50,
        50,
        56,
        53,
        53,
        33,
        43,
        60,
        0,
        50,
        38,
        42,
        50,
        32,
        53,
        52,
        44,
        48,
        54,
        38
      ],
      [
        45,
        42,
        53,
        56,
        53,
        49,
        47,
        57,
        53,
        64,
        58,
        66,
        39,
        49,
        68,
        50,
        0,
        43,
        43,
        64,
        37,
        62,
        57,
        50,
        55,
        63,
        43
      ],
      [
        43,
        34,
        45,
        41,
        43,
        39,
        36,
        44,
        43,
        53,
        47,
        48,
        34,
        41,
        53,
        38,
        43,
        0,
        34,
        47,
        29,
        49,
        42,
        45,
        48,
        49,
        32
      ],
      [
        39,
        36,
        45,
        48,
        46,
        36,
        33,
        40,
        39,
        49,
        41,
        54,
        29,
        41,
        54,
        42,
        43,
        34,
        0,
        47,
        28,
        51,
        46,
        39,
        40,
        48,
        31
      ],
      [
        50,
        43,
        60,
        63,
        62,
        47,
        52,
        62,
        61,
        81,
        67,
        74,
        40,
        59,
        77,
        50,
        64,
        47,
        47,
        0,
        42,
        68,
        61,
        54,
        62,
        72,
        52
      ],
      [
        31,
        23,
        39,
        38,
        38,
        32,
        24,
        35,
        35,
        45,
        42,
        46,
        21,
        32,
        50,
        32,
        37,
        29,
        28,
        42,
        0,
        44,
        38,
        40,
        35,
        46,
        21
      ],
      [
        50,
        47,
        61,
        65,
        63,
        48,
        50,
        62,
        56,
        77,
        67,
        74,
        39,
        58,
        80,
        53,
        62,
        49,
        51,
        68,
        44,
        0,
        61,
        52,
        61,
        77,
        46
      ],
      [
        51,
        39,
        60,
        57,
        56,
        48,
        44,
        55,
        51,
        65,
        55,
        66,
        39,
        48,
        69,
        52,
        57,
        42,
        46,
        61,
        38,
        61,
        0,
        56,
        56,
        57,
        41
      ],
      [
        47,
        38,
        55,
        49,
        50,
        43,
        35,
        45,
        42,
        55,
        52,
        57,
        35,
        42,
        60,
        44,
        50,
        45,
        39,
        54,
        40,
        52,
        56,
        0,
        52,
        50,
        34
      ],
      [
        42,
        40,
        55,
        49,
        52,
        45,
        43,
        54,
        51,
        66,
        57,
        60,
        38,
        50,
        68,
        48,
        55,
        48,
        40,
        62,
        35,
        61,
        56,
        52,
        0,
        59,
        41
      ],
      [
        50,
        42,
        57,
        64,
        64,
        48,
        49,
        59,
        57,
        78,
        70,
        74,
        43,
        62,
        80,
        54,
        63,
        49,
        48,
        72,
        46,
        77,
        57,
        50,
        59,
        0,
        46
      ],
      [
        38,
        29,
        43,
        40,
        37,
        40,
        38,
        49,
        47,
        52,
        49,
        43,
        27,
        43,
        48,
        38,
        43,
        32,
        31,
        52,
        21,
        46,
        41,
        34,
        41,
        46,
        0
      ]
    ],
    "pair_records": [
      {
        "country_a": "Austria",
        "country_b": "Belgium",
        "distance": 0.128824,
        "pair_count": 34
      },
      {
        "country_a": "Austria",
        "country_b": "Bulgaria",
        "distance": 0.187736,
        "pair_count": 53
      },
      {
        "country_a": "Austria",
        "country_b": "Croatia",
        "distance": 0.177333,
        "pair_count": 45
      },
      {
        "country_a": "Austria",
        "country_b": "Cyprus",
        "distance": 0.18087,
        "pair_count": 46
      },
      {
        "country_a": "Austria",
        "country_b": "Czechia",
        "distance": 0.226512,
        "pair_count": 43
      },
      {
        "country_a": "Austria",
        "country_b": "Denmark",
        "distance": 0.296,
        "pair_count": 35
      },
      {
        "country_a": "Austria",
        "country_b": "Estonia",
        "distance": 0.166383,
        "pair_count": 47
      },
      {
        "country_a": "Austria",
        "country_b": "Finland",
        "distance": 0.210909,
        "pair_count": 44
      },
      {
        "country_a": "Austria",
        "country_b": "France",
        "distance": 0.176786,
        "pair_count": 56
      },
      {
        "country_a": "Austria",
        "country_b": "Germany",
        "distance": 0.1788,
        "pair_count": 50
      },
      {
        "country_a": "Austria",
        "country_b": "Greece",
        "distance": 0.197778,
        "pair_count": 54
      },
      {
        "country_a": "Austria",
        "country_b": "Hungary",
        "distance": 0.172059,
        "pair_count": 34
      },
      {
        "country_a": "Austria",
        "country_b": "Ireland",
        "distance": 0.222619,
        "pair_count": 42
      },
      {
        "country_a": "Austria",
        "country_b": "Italy",
        "distance": 0.198393,
        "pair_count": 56
      },
      {
        "country_a": "Austria",
        "country_b": "Latvia",
        "distance": 0.16439,
        "pair_count": 41
      },
      {
        "country_a": "Austria",
        "country_b": "Lithuania",
        "distance": 0.205111,
        "pair_count": 45
      },
      {
        "country_a": "Austria",
        "country_b": "Luxembourg",
        "distance": 0.163953,
        "pair_count": 43
      },
      {
        "country_a": "Austria",
        "country_b": "Malta",
        "distance": 0.181795,
        "pair_count": 39
      },
      {
        "country_a": "Austria",
        "country_b": "Netherlands",
        "distance": 0.2008,
        "pair_count": 50
      },
      {
        "country_a": "Austria",
        "country_b": "Poland",
        "distance": 0.189032,
        "pair_count": 31
      },
      {
        "country_a": "Austria",
        "country_b": "Portugal",
        "distance": 0.1724,
        "pair_count": 50
      },
      {
        "country_a": "Austria",
        "country_b": "Romania",
        "distance": 0.250784,
        "pair_count": 51
      },
      {
        "country_a": "Austria",
        "country_b": "Slovakia",
        "distance": 0.18234,
        "pair_count": 47
      },
      {
        "country_a": "Austria",
        "country_b": "Slovenia",
        "distance": 0.13381,
        "pair_count": 42
      },
      {
        "country_a": "Austria",
        "country_b": "Spain",
        "distance": 0.2196,
        "pair_count": 50
      },
      {
        "country_a": "Austria",
        "country_b": "Sweden",
        "distance": 0.193421,
        "pair_count": 38
      },
      {
        "country_a": "Belgium",
        "country_b": "Bulgaria",
        "distance": 0.1015,
        "pair_count": 40
      },
      {
        "country_a": "Belgium",
        "country_b": "Croatia",
        "distance": 0.110698,
        "pair_count": 43
      },
      {
        "country_a": "Belgium",
        "country_b": "Cyprus",
        "distance": 0.087895,
        "pair_count": 38
      },
      {
        "country_a": "Belgium",
        "country_b": "Czechia",
        "distance": 0.109697,
        "pair_count": 33
      },
      {
        "country_a": "Belgium",
        "country_b": "Denmark",
        "distance": 0.166154,
        "pair_count": 26
      },
      {
        "country_a": "Belgium",
        "country_b": "Estonia",
        "distance": 0.107381,
        "pair_count": 42
      },
      {
        "country_a": "Belgium",
        "country_b": "Finland",
        "distance": 0.1125,
        "pair_count": 36
      },
      {
        "country_a": "Belgium",
        "country_b": "France",
        "distance": 0.114894,
        "pair_count": 47
      },
      {
        "country_a": "Belgium",
        "country_b": "Germany",
        "distance": 0.155854,
        "pair_count": 41
      },
      {
        "country_a": "Belgium",
        "country_b": "Greece",
        "distance": 0.114583,
        "pair_count": 48
      },
      {
        "country_a": "Belgium",
        "country_b": "Hungary",
        "distance": 0.128846,
        "pair_count": 26
      },
      {
        "country_a": "Belgium",
        "country_b": "Ireland",
        "distance": 0.124,
        "pair_count": 35
      },
      {
        "country_a": "Belgium",
        "country_b": "Italy",
        "distance": 0.115833,
        "pair_count": 48
      },
      {
        "country_a": "Belgium",
        "country_b": "Latvia",
        "distance": 0.132,
        "pair_count": 40
      },
      {
        "country_a": "Belgium",
        "country_b": "Lithuania",
        "distance": 0.097143,
        "pair_count": 42
      },
      {
        "country_a": "Belgium",
        "country_b": "Luxembourg",
        "distance": 0.090882,
        "pair_count": 34
      },
      {
        "country_a": "Belgium",
        "country_b": "Malta",
        "distance": 0.121111,
        "pair_count": 36
      },
      {
        "country_a": "Belgium",
        "country_b": "Netherlands",
        "distance": 0.120233,
        "pair_count": 43
      },
      {
        "country_a": "Belgium",
        "country_b": "Poland",
        "distance": 0.091739,
        "pair_count": 23
      },
      {
        "country_a": "Belgium",
        "country_b": "Portugal",
        "distance": 0.112553,
        "pair_count": 47
      },
      {
        "country_a": "Belgium",
        "country_b": "Romania",
        "distance": 0.13641,
        "pair_count": 39
      },
      {
        "country_a": "Belgium",
        "country_b": "Slovakia",
        "distance": 0.104474,
        "pair_count": 38
      },
      {
        "country_a": "Belgium",
        "country_b": "Slovenia",
        "distance": 0.11325,
        "pair_count": 40
      },
      {
        "country_a": "Belgium",
        "country_b": "Spain",
        "distance": 0.134762,
        "pair_count": 42
      },
      {
        "country_a": "Belgium",
        "country_b": "Sweden",
        "distance": 0.142414,
        "pair_count": 29
      },
      {
        "country_a": "Bulgaria",
        "country_b": "Croatia",
        "distance": 0.109655,
        "pair_count": 58
      },
      {
        "country_a": "Bulgaria",
        "country_b": "Cyprus",
        "distance": 0.10875,
        "pair_count": 56
      },
      {
        "country_a": "Bulgaria",
        "country_b": "Czechia",
        "distance": 0.142449,
        "pair_count": 49
      },
      {
        "country_a": "Bulgaria",
        "country_b": "Denmark",
        "distance": 0.285854,
        "pair_count": 41
      },
      {
        "country_a": "Bulgaria",
        "country_b": "Estonia",
        "distance": 0.145556,
        "pair_count": 54
      },
      {
        "country_a": "Bulgaria",
        "country_b": "Finland",
        "distance": 0.1746,
        "pair_count": 50
      },
      {
        "country_a": "Bulgaria",
        "country_b": "France",
        "distance": 0.154444,
        "pair_count": 63
      },
      {
        "country_a": "Bulgaria",
        "country_b": "Germany",
        "distance": 0.214528,
        "pair_count": 53
      },
      {
        "country_a": "Bulgaria",
        "country_b": "Greece",
        "distance": 0.109394,
        "pair_count": 66
      },
      {
        "country_a": "Bulgaria",
        "country_b": "Hungary",
        "distance": 0.13,
        "pair_count": 36
      },
      {
        "country_a": "Bulgaria",
        "country_b": "Ireland",
        "distance": 0.1844,
        "pair_count": 50
      },
      {
        "country_a": "Bulgaria",
        "country_b": "Italy",
        "distance": 0.148308,
        "pair_count": 65
      },
      {
        "country_a": "Bulgaria",
        "country_b": "Latvia",
        "distance": 0.105918,
        "pair_count": 49
      },
      {
        "country_a": "Bulgaria",
        "country_b": "Lithuania",
        "distance": 0.100755,
        "pair_count": 53
      },
      {
        "country_a": "Bulgaria",
        "country_b": "Luxembourg",
        "distance": 0.130222,
        "pair_count": 45
      },
      {
        "country_a": "Bulgaria",
        "country_b": "Malta",
        "distance": 0.105333,
        "pair_count": 45
      },
      {
        "country_a": "Bulgaria",
        "country_b": "Netherlands",
        "distance": 0.193833,
        "pair_count": 60
      },
      {
        "country_a": "Bulgaria",
        "country_b": "Poland",
        "distance": 0.108462,
        "pair_count": 39
      },
      {
        "country_a": "Bulgaria",
        "country_b": "Portugal",
        "distance": 0.131148,
        "pair_count": 61
      },
      {
        "country_a": "Bulgaria",
        "country_b": "Romania",
        "distance": 0.130167,
        "pair_count": 60
      },
      {
        "country_a": "Bulgaria",
        "country_b": "Slovakia",
        "distance": 0.103273,
        "pair_count": 55
      },
      {
        "country_a": "Bulgaria",
        "country_b": "Slovenia",
        "distance": 0.133636,
        "pair_count": 55
      },
      {
        "country_a": "Bulgaria",
        "country_b": "Spain",
        "distance": 0.146491,
        "pair_count": 57
      },
      {
        "country_a": "Bulgaria",
        "country_b": "Sweden",
        "distance": 0.212558,
        "pair_count": 43
      },
      {
        "country_a": "Croatia",
        "country_b": "Cyprus",
        "distance": 0.092069,
        "pair_count": 58
      },
      {
        "country_a": "Croatia",
        "country_b": "Czechia",
        "distance": 0.134762,
        "pair_count": 42
      },
      {
        "country_a": "Croatia",
        "country_b": "Denmark",
        "distance": 0.228571,
        "pair_count": 42
      },
      {
        "country_a": "Croatia",
        "country_b": "Estonia",
        "distance": 0.125306,
        "pair_count": 49
      },
      {
        "country_a": "Croatia",
        "country_b": "Finland",
        "distance": 0.15625,
        "pair_count": 48
      },
      {
        "country_a": "Croatia",
        "country_b": "France",
        "distance": 0.11746,
        "pair_count": 63
      },
      {
        "country_a": "Croatia",
        "country_b": "Germany",
        "distance": 0.199273,
        "pair_count": 55
      },
      {
        "country_a": "Croatia",
        "country_b": "Greece",
        "distance": 0.09803,
        "pair_count": 66
      },
      {
        "country_a": "Croatia",
        "country_b": "Hungary",
        "distance": 0.105789,
        "pair_count": 38
      },
      {
        "country_a": "Croatia",
        "country_b": "Ireland",
        "distance": 0.174902,
        "pair_count": 51
      },
      {
        "country_a": "Croatia",
        "country_b": "Italy",
        "distance": 0.130145,
        "pair_count": 69
      },
      {
        "country_a": "Croatia",
        "country_b": "Latvia",
        "distance": 0.122549,
        "pair_count": 51
      },
      {
        "country_a": "Croatia",
        "country_b": "Lithuania",
        "distance": 0.11875,
        "pair_count": 56
      },
      {
        "country_a": "Croatia",
        "country_b": "Luxembourg",
        "distance": 0.103659,
        "pair_count": 41
      },
      {
        "country_a": "Croatia",
        "country_b": "Malta",
        "distance": 0.110625,
        "pair_count": 48
      },
      {
        "country_a": "Croatia",
        "country_b": "Netherlands",
        "distance": 0.179841,
        "pair_count": 63
      },
      {
        "country_a": "Croatia",
        "country_b": "Poland",
        "distance": 0.136316,
        "pair_count": 38
      },
      {
        "country_a": "Croatia",
        "country_b": "Portugal",
        "distance": 0.119077,
        "pair_count": 65
      },
      {
        "country_a": "Croatia",
        "country_b": "Romania",
        "distance": 0.143333,
        "pair_count": 57
      },
      {
        "country_a": "Croatia",
        "country_b": "Slovakia",
        "distance": 0.121633,
        "pair_count": 49
      },
      {
        "country_a": "Croatia",
        "country_b": "Slovenia",
        "distance": 0.103878,
        "pair_count": 49
      },
      {
        "country_a": "Croatia",
        "country_b": "Spain",
        "distance": 0.118437,
        "pair_count": 64
      },
      {
        "country_a": "Croatia",
        "country_b": "Sweden",
        "distance": 0.175,
        "pair_count": 40
      },
      {
        "country_a": "Cyprus",
        "country_b": "Czechia",
        "distance": 0.100476,
        "pair_count": 42
      },
      {
        "country_a": "Cyprus",
        "country_b": "Denmark",
        "distance": 0.214,
        "pair_count": 45
      },
      {
        "country_a": "Cyprus",
        "country_b": "Estonia",
        "distance": 0.103261,
        "pair_count": 46
      },
      {
        "country_a": "Cyprus",
        "country_b": "Finland",
        "distance": 0.143673,
        "pair_count": 49
      },
      {
        "country_a": "Cyprus",
        "country_b": "France",
        "distance": 0.132812,
        "pair_count": 64
      },
      {
        "country_a": "Cyprus",
        "country_b": "Germany",
        "distance": 0.187455,
        "pair_count": 55
      },
      {
        "country_a": "Cyprus",
        "country_b": "Greece",
        "distance": 0.054058,
        "pair_count": 69
      },
      {
        "country_a": "Cyprus",
        "country_b": "Hungary",
        "distance": 0.116563,
        "pair_count": 32
      },
      {
        "country_a": "Cyprus",
        "country_b": "Ireland",
        "distance": 0.125192,
        "pair_count": 52
      },
      {
        "country_a": "Cyprus",
        "country_b": "Italy",
        "distance": 0.12831,
        "pair_count": 71
      },
      {
        "country_a": "Cyprus",
        "country_b": "Latvia",
        "distance": 0.121556,
        "pair_count": 45
      },
      {
        "country_a": "Cyprus",
        "country_b": "Lithuania",
        "distance": 0.098679,
        "pair_count": 53
      },
      {
        "country_a": "Cyprus",
        "country_b": "Luxembourg",
        "distance": 0.079302,
        "pair_count": 43
      },
      {
        "country_a": "Cyprus",
        "country_b": "Malta",
        "distance": 0.098261,
        "pair_count": 46
      },
      {
        "country_a": "Cyprus",
        "country_b": "Netherlands",
        "distance": 0.170968,
        "pair_count": 62
      },
      {
        "country_a": "Cyprus",
        "country_b": "Poland",
        "distance": 0.101053,
        "pair_count": 38
      },
      {
        "country_a": "Cyprus",
        "country_b": "Portugal",
        "distance": 0.100952,
        "pair_count": 63
      },
      {
        "country_a": "Cyprus",
        "country_b": "Romania",
        "distance": 0.131071,
        "pair_count": 56
      },
      {
        "country_a": "Cyprus",
        "country_b": "Slovakia",
        "distance": 0.128,
        "pair_count": 50
      },
      {
        "country_a": "Cyprus",
        "country_b": "Slovenia",
        "distance": 0.1225,
        "pair_count": 52
      },
      {
        "country_a": "Cyprus",
        "country_b": "Spain",
        "distance": 0.122969,
        "pair_count": 64
      },
      {
        "country_a": "Cyprus",
        "country_b": "Sweden",
        "distance": 0.155135,
        "pair_count": 37
      },
      {
        "country_a": "Czechia",
        "country_b": "Denmark",
        "distance": 0.158571,
        "pair_count": 35
      },
      {
        "country_a": "Czechia",
        "country_b": "Estonia",
        "distance": 0.124255,
        "pair_count": 47
      },
      {
        "country_a": "Czechia",
        "country_b": "Finland",
        "distance": 0.161628,
        "pair_count": 43
      },
      {
        "country_a": "Czechia",
        "country_b": "France",
        "distance": 0.137143,
        "pair_count": 49
      },
      {
        "country_a": "Czechia",
