{
  "generated_at": "2025-11-15T16:37:49.291405+00:00",
  "parameters": {
    "outputs_dir": "outputs_combined",
    "min_pair_count": 3
  },
  "label": "Climate & Environment",
  "category": "topic",
  "min_pair_threshold": 3,
  "data": {
    "countries": [
      "Austria",
      "Belgium",
      "Bulgaria",
      "Croatia",
      "Cyprus",
      "Czechia",
      "Denmark",
      "Estonia",
      "Finland",
      "France",
      "Germany",
      "Greece",
      "Hungary",
      "Ireland",
      "Italy",
      "Latvia",
      "Lithuania",
      "Luxembourg",
      "Malta",
      "Netherlands",
      "Poland",
      "Portugal",
      "Romania",
      "Slovakia",
      "Slovenia",
      "Spain",
      "Sweden"
    ],
    "distance_matrix": [
      [
        0.0,
        0.184545,
        0.212581,
        0.176333,
        0.2016,
        0.257188,
        0.215,
        0.185161,
        0.199231,
        0.233421,
        0.204286,
        0.213333,
        0.346429,
        0.211724,
        0.256571,
        0.174118,
        0.16625,
        0.179062,
        0.218095,
        0.284667,
        0.325217,
        0.155667,
        0.211071,
        0.283529,
        0.136875,
        0.266,
        0.216757
      ],
      [
        0.184545,
        0.0,
        0.250625,
        0.186471,
        0.205333,
        0.301875,
        0.116667,
        0.164706,
        0.161429,
        0.155,
        0.2035,
        0.254375,
        0.245714,
        0.170625,
        0.194,
        0.201667,
        0.145882,
        0.1935,
        0.26,
        0.18,
        0.251538,
        0.157059,
        0.171111,
        0.230526,
        0.171111,
        0.1645,
        0.180909
      ],
      [
        0.212581,
        0.250625,
        0.0,
        0.172857,
        0.165,
        0.175667,
        0.302857,
        0.218148,
        0.292727,
        0.279,
        0.285484,
        0.156552,
        0.212593,
        0.25,
        0.198529,
        0.174839,
        0.190968,
        0.256538,
        0.138261,
        0.325926,
        0.196957,
        0.184138,
        0.178214,
        0.221818,
        0.190968,
        0.26375,
        0.295667
      ],
      [
        0.176333,
        0.186471,
        0.172857,
        0.0,
        0.076154,
        0.188846,
        0.217826,
        0.111071,
        0.174516,
        0.185152,
        0.24,
        0.132759,
        0.242174,
        0.1396,
        0.176061,
        0.133571,
        0.085172,
        0.172222,
        0.104783,
        0.26069,
        0.232273,
        0.121667,
        0.11,
        0.211071,
        0.118065,
        0.171935,
        0.197097
      ],
      [
        0.2016,
        0.205333,
        0.165,
        0.076154,
        0.0,
        0.220455,
        0.226667,
        0.116667,
        0.218846,
        0.176333,
        0.193667,
        0.140357,
        0.2555,
        0.169167,
        0.184138,
        0.142917,
        0.1184,
        0.17,
        0.09875,
        0.231154,
        0.242632,
        0.128276,
        0.1476,
        0.242609,
        0.127778,
        0.150645,
        0.248333
      ],
      [
        0.257188,
        0.301875,
        0.175667,
        0.188846,
        0.220455,
        0.0,
        0.2815,
        0.21069,
        0.330882,
        0.255667,
        0.315,
        0.191538,
        0.148929,
        0.261852,
        0.197273,
        0.176333,
        0.162333,
        0.271852,
        0.1755,
        0.3936,
        0.119048,
        0.2256,
        0.150714,
        0.075625,
        0.232759,
        0.318125,
        0.314063
      ],
      [
        0.215,
        0.116667,
        0.302857,
        0.217826,
        0.226667,
        0.2815,
        0.0,
        0.15619,
        0.190385,
        0.111923,
        0.232917,
        0.275714,
        0.373333,
        0.107778,
        0.298696,
        0.2905,
        0.175,
        0.087273,
        0.332778,
        0.15,
        0.332667,
        0.160455,
        0.19619,
        0.3165,
        0.161905,
        0.124348,
        0.1552
      ],
      [
        0.185161,
        0.164706,
        0.218148,
        0.111071,
        0.116667,
        0.21069,
        0.15619,
        0.0,
        0.170937,
        0.167,
        0.191379,
        0.1708,
        0.289583,
        0.11037,
        0.204194,
        0.145172,
        0.091034,
        0.127931,
        0.145238,
        0.205,
        0.233333,
        0.098571,
        0.14037,
        0.21,
        0.112143,
        0.166667,
        0.171
      ],
      [
        0.199231,
        0.161429,
        0.292727,
        0.174516,
        0.218846,
        0.330882,
        0.190385,
        0.170937,
        0.0,
        0.243077,
        0.266111,
        0.244194,
        0.294,
        0.173793,
        0.235641,
        0.218571,
        0.203125,
        0.17875,
        0.231818,
        0.195,
        0.27087,
        0.182187,
        0.218387,
        0.308056,
        0.155429,
        0.238421,
        0.14359
      ],
      [
        0.233421,
        0.155,
        0.279,
        0.185152,
        0.176333,
        0.255667,
        0.111923,
        0.167,
        0.243077,
        0.0,
        0.236,
        0.229091,
        0.3,
        0.162414,
        0.248378,
        0.234062,
        0.177333,
        0.160303,
        0.244783,
        0.195937,
        0.301739,
        0.173939,
        0.182581,
        0.257576,
        0.175429,
        0.137105,
        0.185135
      ],
      [
        0.204286,
        0.2035,
        0.285484,
        0.24,
        0.193667,
        0.315,
        0.232917,
        0.191379,
        0.266111,
        0.236,
        0.0,
        0.257097,
        0.408462,
        0.192143,
        0.317778,
        0.244194,
        0.231724,
        0.173793,
        0.247391,
        0.219655,
        0.350476,
        0.169063,
        0.25,
        0.277742,
        0.174848,
        0.194324,
        0.271562
      ],
      [
        0.213333,
        0.254375,
        0.156552,
        0.132759,
        0.140357,
        0.191538,
        0.275714,
        0.1708,
        0.244194,
        0.229091,
        0.257097,
        0.0,
        0.172174,
        0.211923,
        0.158824,
        0.172,
        0.1775,
        0.21,
        0.12625,
        0.312667,
        0.204783,
        0.164516,
        0.115,
        0.188333,
        0.161875,
        0.230606,
        0.287097
      ],
      [
        0.346429,
        0.245714,
        0.212593,
        0.242174,
        0.2555,
        0.148929,
        0.373333,
        0.289583,
        0.294,
        0.3,
        0.408462,
        0.172174,
        0.0,
        0.337391,
        0.136667,
        0.244615,
        0.2264,
        0.321538,
        0.211176,
        0.343636,
        0.049474,
        0.287917,
        0.183846,
        0.156667,
        0.29,
        0.363667,
        0.294815
      ],
      [
        0.211724,
        0.170625,
        0.25,
        0.1396,
        0.169167,
        0.261852,
        0.107778,
        0.11037,
        0.173793,
        0.162414,
        0.192143,
        0.211923,
        0.337391,
        0.0,
        0.236333,
        0.231429,
        0.13,
        0.111111,
        0.2115,
        0.152692,
        0.3245,
        0.093462,
        0.173333,
        0.272593,
        0.114643,
        0.124483,
        0.17963
      ],
      [
        0.256571,
        0.194,
        0.198529,
        0.176061,
        0.184138,
        0.197273,
        0.298696,
        0.204194,
        0.235641,
        0.248378,
        0.317778,
        0.158824,
        0.136667,
        0.236333,
        0.0,
        0.17,
        0.170606,
        0.242667,
        0.163333,
        0.26125,
        0.125833,
        0.196765,
        0.115625,
        0.19,
        0.230278,
        0.262,
        0.265556
      ],
      [
        0.174118,
        0.201667,
        0.174839,
        0.133571,
        0.142917,
        0.176333,
        0.2905,
        0.145172,
        0.218571,
        0.234062,
        0.244194,
        0.172,
        0.244615,
        0.231429,
        0.17,
        0.0,
        0.129667,
        0.213704,
        0.118182,
        0.32,
        0.235217,
        0.165714,
        0.147778,
        0.17,
        0.143548,
        0.258485,
        0.220606
      ],
      [
        0.16625,
        0.145882,
        0.190968,
        0.085172,
        0.1184,
        0.162333,
        0.175,
        0.091034,
        0.203125,
        0.177333,
        0.231724,
        0.1775,
        0.2264,
        0.13,
        0.170606,
        0.129667,
        0.0,
        0.1325,
        0.153636,
        0.199286,
        0.205,
        0.095862,
        0.121154,
        0.17,
        0.122759,
        0.2125,
        0.192727
      ],
      [
        0.179062,
        0.1935,
        0.256538,
        0.172222,
        0.17,
        0.271852,
        0.087273,
        0.127931,
        0.17875,
        0.160303,
        0.173793,
        0.21,
        0.321538,
        0.111111,
        0.242667,
        0.213704,
        0.1325,
        0.0,
        0.257143,
        0.138519,
        0.324545,
        0.110714,
        0.189231,
        0.271724,
        0.106667,
        0.116333,
        0.157419
      ],
      [
        0.218095,
        0.26,
        0.138261,
        0.104783,
        0.09875,
        0.1755,
        0.332778,
        0.145238,
        0.231818,
        0.244783,
        0.247391,
        0.12625,
        0.211176,
        0.2115,
        0.163333,
        0.118182,
        0.153636,
        0.257143,
        0.0,
        0.29087,
        0.192105,
        0.164583,
        0.138636,
        0.199091,
        0.16913,
        0.22125,
        0.306364
      ],
      [
        0.284667,
        0.18,
        0.325926,
        0.26069,
        0.231154,
        0.3936,
        0.15,
        0.205,
        0.195,
        0.195937,
        0.219655,
        0.312667,
        0.343636,
        0.152692,
        0.26125,
        0.32,
        0.199286,
        0.138519,
        0.29087,
        0.0,
        0.316957,
        0.177931,
        0.272308,
        0.362667,
        0.197241,
        0.139355,
        0.188125
      ],
      [
        0.325217,
        0.251538,
        0.196957,
        0.232273,
        0.242632,
        0.119048,
        0.332667,
        0.233333,
        0.27087,
        0.301739,
        0.350476,
        0.204783,
        0.049474,
        0.3245,
        0.125833,
        0.235217,
        0.205,
        0.324545,
        0.192105,
        0.316957,
        0.0,
        0.284783,
        0.16,
        0.1372,
        0.295652,
        0.365,
        0.3432
      ],
      [
        0.155667,
        0.157059,
        0.184138,
        0.121667,
        0.128276,
        0.2256,
        0.160455,
        0.098571,
        0.182187,
        0.173939,
        0.169063,
        0.164516,
        0.287917,
        0.093462,
        0.196765,
        0.165714,
        0.095862,
        0.110714,
        0.164583,
        0.177931,
        0.284783,
        0.0,
        0.145926,
        0.242414,
        0.083871,
        0.14303,
        0.185
      ],
      [
        0.211071,
        0.171111,
        0.178214,
        0.11,
        0.1476,
        0.150714,
        0.19619,
        0.14037,
        0.218387,
        0.182581,
        0.25,
        0.115,
        0.183846,
        0.173333,
        0.115625,
        0.147778,
        0.121154,
        0.189231,
        0.138636,
        0.272308,
        0.16,
        0.145926,
        0.0,
        0.131034,
        0.161379,
        0.207419,
        0.232069
      ],
      [
        0.283529,
        0.230526,
        0.221818,
        0.211071,
        0.242609,
        0.075625,
        0.3165,
        0.21,
        0.308056,
        0.257576,
        0.277742,
        0.188333,
        0.156667,
        0.272593,
        0.19,
        0.17,
        0.17,
        0.271724,
        0.199091,
        0.362667,
        0.1372,
        0.242414,
        0.131034,
        0.0,
        0.245,
        0.321765,
        0.315714
      ],
      [
        0.136875,
        0.171111,
        0.190968,
        0.118065,
        0.127778,
        0.232759,
        0.161905,
        0.112143,
        0.155429,
        0.175429,
        0.174848,
        0.161875,
        0.29,
        0.114643,
        0.230278,
        0.143548,
        0.122759,
        0.106667,
        0.16913,
        0.197241,
        0.295652,
        0.083871,
        0.161379,
        0.245,
        0.0,
        0.161471,
        0.148065
      ],
      [
        0.266,
        0.1645,
        0.26375,
        0.171935,
        0.150645,
        0.318125,
        0.124348,
        0.166667,
        0.238421,
        0.137105,
        0.194324,
        0.230606,
        0.363667,
        0.124483,
        0.262,
        0.258485,
        0.2125,
        0.116333,
        0.22125,
        0.139355,
        0.365,
        0.14303,
        0.207419,
        0.321765,
        0.161471,
        0.0,
        0.233333
      ],
      [
        0.216757,
        0.180909,
        0.295667,
        0.197097,
        0.248333,
        0.314063,
        0.1552,
        0.171,
        0.14359,
        0.185135,
        0.271562,
        0.287097,
        0.294815,
        0.17963,
        0.265556,
        0.220606,
        0.192727,
        0.157419,
        0.306364,
        0.188125,
        0.3432,
        0.185,
        0.232069,
        0.315714,
        0.148065,
        0.233333,
        0.0
      ]
    ],
    "pair_count_matrix": [
      [
        0,
        22,
        31,
        30,
        25,
        32,
        26,
        31,
        39,
        38,
        35,
        30,
        28,
        29,
        35,
        34,
        32,
        32,
        21,
        30,
        23,
        30,
        28,
        34,
        32,
        35,
        37
      ],
      [
        22,
        0,
        16,
        17,
        15,
        16,
        12,
        17,
        21,
        24,
        20,
        16,
        14,
        16,
        20,
        18,
        17,
        20,
        11,
        17,
        13,
        17,
        18,
        19,
        18,
        20,
        22
      ],
      [
        31,
        16,
        0,
        28,
        26,
        30,
        21,
        27,
        33,
        30,
        31,
        29,
        27,
        26,
        34,
        31,
        31,
        26,
        23,
        27,
        23,
        29,
        28,
        33,
        31,
        32,
        30
      ],
      [
        30,
        17,
        28,
        0,
        26,
        26,
        23,
        28,
        31,
        33,
        31,
        29,
        23,
        25,
        33,
        28,
        29,
        27,
        23,
        29,
        22,
        30,
        29,
        28,
        31,
        31,
        31
      ],
      [
        25,
        15,
        26,
        26,
        0,
        22,
        21,
        24,
        26,
        30,
        30,
        28,
        20,
        24,
        29,
        24,
        25,
        25,
        24,
        26,
        19,
        29,
        25,
        23,
        27,
        31,
        24
      ],
      [
        32,
        16,
        30,
        26,
        22,
        0,
        20,
        29,
        34,
        30,
        30,
        26,
        28,
        27,
        33,
        30,
        30,
        27,
        20,
        25,
        21,
        25,
        28,
        32,
        29,
        32,
        32
      ],
      [
        26,
        12,
        21,
        23,
        21,
        20,
        0,
        21,
        26,
        26,
        24,
        21,
        15,
        18,
        23,
        20,
        22,
        22,
        18,
        21,
        15,
        22,
        21,
        20,
        21,
        23,
        25
      ],
      [
        31,
        17,
        27,
        28,
        24,
        29,
        21,
        0,
        32,
        30,
        29,
        25,
        24,
        27,
        31,
        29,
        29,
        29,
        21,
        26,
        21,
        28,
        27,
        29,
        28,
        30,
        30
      ],
      [
        39,
        21,
        33,
        31,
        26,
        34,
        26,
        32,
        0,
        39,
        36,
        31,
        30,
        29,
        39,
        35,
        32,
        32,
        22,
        30,
        23,
        32,
        31,
        36,
        35,
        38,
        39
      ],
      [
        38,
        24,
        30,
        33,
        30,
        30,
        26,
        30,
        39,
        0,
        40,
        33,
        27,
        29,
        37,
        32,
        30,
        33,
        23,
        32,
        23,
        33,
        31,
        33,
        35,
        38,
        37
      ],
      [
        35,
        20,
        31,
        31,
        30,
        30,
        24,
        29,
        36,
        40,
        0,
        31,
        26,
        28,
        36,
        31,
        29,
        29,
        23,
        29,
        21,
        32,
        31,
        31,
        33,
        37,
        32
      ],
      [
        30,
        16,
        29,
        29,
        28,
        26,
        21,
        25,
        31,
        33,
        31,
        0,
        23,
        26,
        34,
        30,
        28,
        26,
        24,
        30,
        23,
        31,
        26,
        30,
        32,
        33,
        31
      ],
      [
        28,
        14,
        27,
        23,
        20,
        28,
        15,
        24,
        30,
        27,
        26,
        23,
        0,
        23,
        30,
        26,
        25,
        26,
        17,
        22,
        19,
        24,
        26,
        30,
        27,
        30,
        27
      ],
      [
        29,
        16,
        26,
        25,
        24,
        27,
        18,
        27,
        29,
        29,
        28,
        26,
        23,
        0,
        30,
        28,
        26,
        27,
        20,
        26,
        20,
        26,
        24,
        27,
        28,
        29,
        27
      ],
      [
        35,
        20,
        34,
        33,
        29,
        33,
        23,
        31,
        39,
        37,
        36,
        34,
        30,
        30,
        0,
        34,
        33,
        30,
        24,
        32,
        24,
        34,
        32,
        35,
        36,
        40,
        36
      ],
      [
        34,
        18,
        31,
        28,
        24,
        30,
        20,
        29,
        35,
        32,
        31,
        30,
        26,
        28,
        34,
        0,
        30,
        27,
        22,
        28,
        23,
        28,
        27,
        33,
        31,
        33,
        33
      ],
      [
        32,
        17,
        31,
        29,
        25,
        30,
        22,
        29,
        32,
        30,
        29,
        28,
        25,
        26,
        33,
        30,
        0,
        28,
        22,
        28,
        22,
        29,
        26,
        30,
        29,
        32,
        33
      ],
      [
        32,
        20,
        26,
        27,
        25,
        27,
        22,
        29,
        32,
        33,
        29,
        26,
        26,
        27,
        30,
        27,
        28,
        0,
        21,
        27,
        22,
        28,
        26,
        29,
        30,
        30,
        31
      ],
      [
        21,
        11,
        23,
        23,
        24,
        20,
        18,
        21,
        22,
        23,
        23,
        24,
        17,
        20,
        24,
        22,
        22,
        21,
        0,
        23,
        19,
        24,
        22,
        22,
        23,
        24,
        22
      ],
      [
        30,
        17,
        27,
        29,
        26,
        25,
        21,
        26,
        30,
        32,
        29,
        30,
        22,
        26,
        32,
        28,
        28,
        27,
        23,
        0,
        23,
        29,
        26,
        30,
        29,
        31,
        32
      ],
      [
        23,
        13,
        23,
        22,
        19,
        21,
        15,
        21,
        23,
        23,
        21,
        23,
        19,
        20,
        24,
        23,
        22,
        22,
        19,
        23,
        0,
        23,
        20,
        25,
        23,
        22,
        25
      ],
      [
        30,
        17,
        29,
        30,
        29,
        25,
        22,
        28,
        32,
        33,
        32,
        31,
        24,
        26,
        34,
        28,
        29,
        28,
        24,
        29,
        23,
        0,
        27,
        29,
        31,
        33,
        30
      ],
      [
        28,
        18,
        28,
        29,
        25,
        28,
        21,
        27,
        31,
        31,
        31,
        26,
        26,
        24,
        32,
        27,
        26,
        26,
        22,
        26,
        20,
        27,
        0,
        29,
        29,
        31,
        29
      ],
      [
        34,
        19,
        33,
        28,
        23,
        32,
        20,
        29,
        36,
        33,
        31,
        30,
        30,
        27,
        35,
        33,
        30,
        29,
        22,
        30,
        25,
        29,
        29,
        0,
        32,
        34,
        35
      ],
      [
        32,
        18,
        31,
        31,
        27,
        29,
        21,
        28,
        35,
        35,
        33,
        32,
        27,
        28,
        36,
        31,
        29,
        30,
        23,
        29,
        23,
        31,
        29,
        32,
        0,
        34,
        31
      ],
      [
        35,
        20,
        32,
        31,
        31,
        32,
        23,
        30,
        38,
        38,
        37,
        33,
        30,
        29,
        40,
        33,
        32,
        30,
        24,
        31,
        22,
        33,
        31,
        34,
        34,
        0,
        36
      ],
      [
        37,
        22,
        30,
        31,
        24,
        32,
        25,
        30,
        39,
        37,
        32,
        31,
        27,
        27,
        36,
        33,
        33,
        31,
        22,
        32,
        25,
        30,
        29,
        35,
        31,
        36,
        0
      ]
    ],
    "pair_records": [
      {
        "country_a": "Austria",
        "country_b": "Belgium",
        "distance": 0.184545,
        "pair_count": 22
      },
      {
        "country_a": "Austria",
        "country_b": "Bulgaria",
        "distance": 0.212581,
        "pair_count": 31
      },
      {
        "country_a": "Austria",
        "country_b": "Croatia",
        "distance": 0.176333,
        "pair_count": 30
      },
      {
        "country_a": "Austria",
        "country_b": "Cyprus",
        "distance": 0.2016,
        "pair_count": 25
      },
      {
        "country_a": "Austria",
        "country_b": "Czechia",
        "distance": 0.257188,
        "pair_count": 32
      },
      {
        "country_a": "Austria",
        "country_b": "Denmark",
        "distance": 0.215,
        "pair_count": 26
      },
      {
        "country_a": "Austria",
        "country_b": "Estonia",
        "distance": 0.185161,
        "pair_count": 31
      },
      {
        "country_a": "Austria",
        "country_b": "Finland",
        "distance": 0.199231,
        "pair_count": 39
      },
      {
        "country_a": "Austria",
        "country_b": "France",
        "distance": 0.233421,
        "pair_count": 38
      },
      {
        "country_a": "Austria",
        "country_b": "Germany",
        "distance": 0.204286,
        "pair_count": 35
      },
      {
        "country_a": "Austria",
        "country_b": "Greece",
        "distance": 0.213333,
        "pair_count": 30
      },
      {
        "country_a": "Austria",
        "country_b": "Hungary",
        "distance": 0.346429,
        "pair_count": 28
      },
      {
        "country_a": "Austria",
        "country_b": "Ireland",
        "distance": 0.211724,
        "pair_count": 29
      },
      {
        "country_a": "Austria",
        "country_b": "Italy",
        "distance": 0.256571,
        "pair_count": 35
      },
      {
        "country_a": "Austria",
        "country_b": "Latvia",
        "distance": 0.174118,
        "pair_count": 34
      },
      {
        "country_a": "Austria",
        "country_b": "Lithuania",
        "distance": 0.16625,
        "pair_count": 32
      },
      {
        "country_a": "Austria",
        "country_b": "Luxembourg",
        "distance": 0.179062,
        "pair_count": 32
      },
      {
        "country_a": "Austria",
        "country_b": "Malta",
        "distance": 0.218095,
        "pair_count": 21
      },
      {
        "country_a": "Austria",
        "country_b": "Netherlands",
        "distance": 0.284667,
        "pair_count": 30
      },
      {
        "country_a": "Austria",
        "country_b": "Poland",
        "distance": 0.325217,
        "pair_count": 23
      },
      {
        "country_a": "Austria",
        "country_b": "Portugal",
        "distance": 0.155667,
        "pair_count": 30
      },
      {
        "country_a": "Austria",
        "country_b": "Romania",
        "distance": 0.211071,
        "pair_count": 28
      },
      {
        "country_a": "Austria",
        "country_b": "Slovakia",
        "distance": 0.283529,
        "pair_count": 34
      },
      {
        "country_a": "Austria",
        "country_b": "Slovenia",
        "distance": 0.136875,
        "pair_count": 32
      },
      {
        "country_a": "Austria",
        "country_b": "Spain",
        "distance": 0.266,
        "pair_count": 35
      },
      {
        "country_a": "Austria",
        "country_b": "Sweden",
        "distance": 0.216757,
        "pair_count": 37
      },
      {
        "country_a": "Belgium",
        "country_b": "Bulgaria",
        "distance": 0.250625,
        "pair_count": 16
      },
      {
        "country_a": "Belgium",
        "country_b": "Croatia",
        "distance": 0.186471,
        "pair_count": 17
      },
      {
        "country_a": "Belgium",
        "country_b": "Cyprus",
        "distance": 0.205333,
        "pair_count": 15
      },
      {
        "country_a": "Belgium",
        "country_b": "Czechia",
        "distance": 0.301875,
        "pair_count": 16
      },
      {
        "country_a": "Belgium",
        "country_b": "Denmark",
        "distance": 0.116667,
        "pair_count": 12
      },
      {
        "country_a": "Belgium",
        "country_b": "Estonia",
        "distance": 0.164706,
        "pair_count": 17
      },
      {
        "country_a": "Belgium",
        "country_b": "Finland",
        "distance": 0.161429,
        "pair_count": 21
      },
      {
        "country_a": "Belgium",
        "country_b": "France",
        "distance": 0.155,
        "pair_count": 24
      },
      {
        "country_a": "Belgium",
        "country_b": "Germany",
        "distance": 0.2035,
        "pair_count": 20
      },
      {
        "country_a": "Belgium",
        "country_b": "Greece",
        "distance": 0.254375,
        "pair_count": 16
      },
      {
        "country_a": "Belgium",
        "country_b": "Hungary",
        "distance": 0.245714,
        "pair_count": 14
      },
      {
        "country_a": "Belgium",
        "country_b": "Ireland",
        "distance": 0.170625,
        "pair_count": 16
      },
      {
        "country_a": "Belgium",
        "country_b": "Italy",
        "distance": 0.194,
        "pair_count": 20
      },
      {
        "country_a": "Belgium",
        "country_b": "Latvia",
        "distance": 0.201667,
        "pair_count": 18
      },
      {
        "country_a": "Belgium",
        "country_b": "Lithuania",
        "distance": 0.145882,
        "pair_count": 17
      },
      {
        "country_a": "Belgium",
        "country_b": "Luxembourg",
        "distance": 0.1935,
        "pair_count": 20
      },
      {
        "country_a": "Belgium",
        "country_b": "Malta",
        "distance": 0.26,
        "pair_count": 11
      },
      {
        "country_a": "Belgium",
        "country_b": "Netherlands",
        "distance": 0.18,
        "pair_count": 17
      },
      {
        "country_a": "Belgium",
        "country_b": "Poland",
        "distance": 0.251538,
        "pair_count": 13
      },
      {
        "country_a": "Belgium",
        "country_b": "Portugal",
        "distance": 0.157059,
        "pair_count": 17
      },
      {
        "country_a": "Belgium",
        "country_b": "Romania",
        "distance": 0.171111,
        "pair_count": 18
      },
      {
        "country_a": "Belgium",
        "country_b": "Slovakia",
        "distance": 0.230526,
        "pair_count": 19
      },
      {
        "country_a": "Belgium",
        "country_b": "Slovenia",
        "distance": 0.171111,
        "pair_count": 18
      },
      {
        "country_a": "Belgium",
        "country_b": "Spain",
        "distance": 0.1645,
        "pair_count": 20
      },
      {
        "country_a": "Belgium",
        "country_b": "Sweden",
        "distance": 0.180909,
        "pair_count": 22
      },
      {
        "country_a": "Bulgaria",
        "country_b": "Croatia",
        "distance": 0.172857,
        "pair_count": 28
      },
      {
        "country_a": "Bulgaria",
        "country_b": "Cyprus",
        "distance": 0.165,
        "pair_count": 26
      },
      {
        "country_a": "Bulgaria",
        "country_b": "Czechia",
        "distance": 0.175667,
        "pair_count": 30
      },
      {
        "country_a": "Bulgaria",
        "country_b": "Denmark",
        "distance": 0.302857,
        "pair_count": 21
      },
      {
        "country_a": "Bulgaria",
        "country_b": "Estonia",
        "distance": 0.218148,
        "pair_count": 27
      },
      {
        "country_a": "Bulgaria",
        "country_b": "Finland",
        "distance": 0.292727,
        "pair_count": 33
      },
      {
        "country_a": "Bulgaria",
        "country_b": "France",
        "distance": 0.279,
        "pair_count": 30
      },
      {
        "country_a": "Bulgaria",
        "country_b": "Germany",
        "distance": 0.285484,
        "pair_count": 31
      },
      {
        "country_a": "Bulgaria",
        "country_b": "Greece",
        "distance": 0.156552,
        "pair_count": 29
      },
      {
        "country_a": "Bulgaria",
        "country_b": "Hungary",
        "distance": 0.212593,
        "pair_count": 27
      },
      {
        "country_a": "Bulgaria",
        "country_b": "Ireland",
        "distance": 0.25,
        "pair_count": 26
      },
      {
        "country_a": "Bulgaria",
        "country_b": "Italy",
        "distance": 0.198529,
        "pair_count": 34
      },
      {
        "country_a": "Bulgaria",
        "country_b": "Latvia",
        "distance": 0.174839,
        "pair_count": 31
      },
      {
        "country_a": "Bulgaria",
        "country_b": "Lithuania",
        "distance": 0.190968,
        "pair_count": 31
      },
      {
        "country_a": "Bulgaria",
        "country_b": "Luxembourg",
        "distance": 0.256538,
        "pair_count": 26
      },
      {
        "country_a": "Bulgaria",
        "country_b": "Malta",
        "distance": 0.138261,
        "pair_count": 23
      },
      {
        "country_a": "Bulgaria",
        "country_b": "Netherlands",
        "distance": 0.325926,
        "pair_count": 27
      },
      {
        "country_a": "Bulgaria",
        "country_b": "Poland",
        "distance": 0.196957,
        "pair_count": 23
      },
      {
        "country_a": "Bulgaria",
        "country_b": "Portugal",
        "distance": 0.184138,
        "pair_count": 29
      },
      {
        "country_a": "Bulgaria",
        "country_b": "Romania",
        "distance": 0.178214,
        "pair_count": 28
      },
      {
        "country_a": "Bulgaria",
        "country_b": "Slovakia",
        "distance": 0.221818,
        "pair_count": 33
      },
      {
        "country_a": "Bulgaria",
        "country_b": "Slovenia",
        "distance": 0.190968,
        "pair_count": 31
      },
      {
        "country_a": "Bulgaria",
        "country_b": "Spain",
        "distance": 0.26375,
        "pair_count": 32
      },
      {
        "country_a": "Bulgaria",
        "country_b": "Sweden",
        "distance": 0.295667,
        "pair_count": 30
      },
      {
        "country_a": "Croatia",
        "country_b": "Cyprus",
        "distance": 0.076154,
        "pair_count": 26
      },
      {
        "country_a": "Croatia",
        "country_b": "Czechia",
        "distance": 0.188846,
        "pair_count": 26
      },
      {
        "country_a": "Croatia",
        "country_b": "Denmark",
        "distance": 0.217826,
        "pair_count": 23
      },
      {
        "country_a": "Croatia",
        "country_b": "Estonia",
        "distance": 0.111071,
        "pair_count": 28
      },
      {
        "country_a": "Croatia",
        "country_b": "Finland",
        "distance": 0.174516,
        "pair_count": 31
      },
      {
        "country_a": "Croatia",
        "country_b": "France",
        "distance": 0.185152,
        "pair_count": 33
      },
      {
        "country_a": "Croatia",
        "country_b": "Germany",
        "distance": 0.24,
        "pair_count": 31
      },
      {
        "country_a": "Croatia",
        "country_b": "Greece",
        "distance": 0.132759,
        "pair_count": 29
      },
      {
        "country_a": "Croatia",
        "country_b": "Hungary",
        "distance": 0.242174,
        "pair_count": 23
      },
      {
        "country_a": "Croatia",
        "country_b": "Ireland",
        "distance": 0.1396,
        "pair_count": 25
      },
      {
        "country_a": "Croatia",
        "country_b": "Italy",
        "distance": 0.176061,
        "pair_count": 33
      },
      {
        "country_a": "Croatia",
        "country_b": "Latvia",
        "distance": 0.133571,
        "pair_count": 28
      },
      {
        "country_a": "Croatia",
        "country_b": "Lithuania",
        "distance": 0.085172,
        "pair_count": 29
      },
      {
        "country_a": "Croatia",
        "country_b": "Luxembourg",
        "distance": 0.172222,
        "pair_count": 27
      },
      {
        "country_a": "Croatia",
        "country_b": "Malta",
        "distance": 0.104783,
        "pair_count": 23
      },
      {
        "country_a": "Croatia",
        "country_b": "Netherlands",
        "distance": 0.26069,
        "pair_count": 29
      },
      {
        "country_a": "Croatia",
        "country_b": "Poland",
        "distance": 0.232273,
        "pair_count": 22
      },
      {
        "country_a": "Croatia",
        "country_b": "Portugal",
        "distance": 0.121667,
        "pair_count": 30
      },
      {
        "country_a": "Croatia",
        "country_b": "Romania",
        "distance": 0.11,
        "pair_count": 29
      },
      {
        "country_a": "Croatia",
        "country_b": "Slovakia",
        "distance": 0.211071,
        "pair_count": 28
      },
      {
        "country_a": "Croatia",
        "country_b": "Slovenia",
        "distance": 0.118065,
        "pair_count": 31
      },
      {
        "country_a": "Croatia",
        "country_b": "Spain",
        "distance": 0.171935,
        "pair_count": 31
      },
      {
        "country_a": "Croatia",
        "country_b": "Sweden",
        "distance": 0.197097,
        "pair_count": 31
      },
      {
        "country_a": "Cyprus",
        "country_b": "Czechia",
        "distance": 0.220455,
        "pair_count": 22
      },
      {
        "country_a": "Cyprus",
        "country_b": "Denmark",
        "distance": 0.226667,
        "pair_count": 21
      },
      {
        "country_a": "Cyprus",
        "country_b": "Estonia",
        "distance": 0.116667,
        "pair_count": 24
      },
      {
        "country_a": "Cyprus",
        "country_b": "Finland",
        "distance": 0.218846,
        "pair_count": 26
      },
      {
        "country_a": "Cyprus",
        "country_b": "France",
        "distance": 0.176333,
        "pair_count": 30
      },
      {
        "country_a": "Cyprus",
        "country_b": "Germany",
        "distance": 0.193667,
        "pair_count": 30
      },
      {
        "country_a": "Cyprus",
        "country_b": "Greece",
        "distance": 0.140357,
        "pair_count": 28
      },
      {
        "country_a": "Cyprus",
        "country_b": "Hungary",
        "distance": 0.2555,
        "pair_count": 20
      },
      {
        "country_a": "Cyprus",
        "country_b": "Ireland",
        "distance": 0.169167,
        "pair_count": 24
      },
      {
        "country_a": "Cyprus",
        "country_b": "Italy",
        "distance": 0.184138,
        "pair_count": 29
      },
      {
        "country_a": "Cyprus",
        "country_b": "Latvia",
        "distance": 0.142917,
        "pair_count": 24
      },
      {
        "country_a": "Cyprus",
        "country_b": "Lithuania",
        "distance": 0.1184,
        "pair_count": 25
      },
      {
        "country_a": "Cyprus",
        "country_b": "Luxembourg",
        "distance": 0.17,
        "pair_count": 25
      },
      {
        "country_a": "Cyprus",
        "country_b": "Malta",
        "distance": 0.09875,
        "pair_count": 24
      },
      {
        "country_a": "Cyprus",
        "country_b": "Netherlands",
        "distance": 0.231154,
        "pair_count": 26
      },
      {
        "country_a": "Cyprus",
        "country_b": "Poland",
        "distance": 0.242632,
        "pair_count": 19
      },
      {
        "country_a": "Cyprus",
        "country_b": "Portugal",
        "distance": 0.128276,
        "pair_count": 29
      },
      {
        "country_a": "Cyprus",
        "country_b": "Romania",
        "distance": 0.1476,
        "pair_count": 25
      },
      {
        "country_a": "Cyprus",
        "country_b": "Slovakia",
        "distance": 0.242609,
        "pair_count": 23
      },
      {
        "country_a": "Cyprus",
        "country_b": "Slovenia",
        "distance": 0.127778,
        "pair_count": 27
      },
      {
        "country_a": "Cyprus",
        "country_b": "Spain",
        "distance": 0.150645,
        "pair_count": 31
      },
      {
        "country_a": "Cyprus",
        "country_b": "Sweden",
        "distance": 0.248333,
        "pair_count": 24
      },
      {
        "country_a": "Czechia",
        "country_b": "Denmark",
        "distance": 0.2815,
        "pair_count": 20
      },
      {
        "country_a": "Czechia",
        "country_b": "Estonia",
        "distance": 0.21069,
        "pair_count": 29
      },
      {
        "country_a": "Czechia",
        "country_b": "Finland",
        "distance": 0.330882,
        "pair_count": 34
      },
      {
        "country_a": "Czechia",
        "country_b": "France",
        "distance": 0.255667,
        "pair_count": 30
      },
      {
        "country_a": "Czechia",
        "country_b": "Germany",
        "distance": 0.315,
        "pair_count": 30
      },
      {
        "country_a": "Czechia",
        "country_b": "Greece",
