{
  "generated_at": "2025-11-15T16:37:49.291405+00:00",
  "parameters": {
    "outputs_dir": "outputs_combined",
    "min_pair_count": 3
  },
  "label": "Digital & Innovation",
  "category": "topic",
  "min_pair_threshold": 3,
  "data": {
    "countries": [
      "Austria",
      "Belgium",
      "Bulgaria",
      "Croatia",
      "Cyprus",
      "Czechia",
      "Denmark",
      "Estonia",
      "Finland",
      "France",
      "Germany",
      "Greece",
      "Hungary",
      "Ireland",
      "Italy",
      "Latvia",
      "Lithuania",
      "Luxembourg",
      "Malta",
      "Netherlands",
      "Poland",
      "Portugal",
      "Romania",
      "Slovakia",
      "Slovenia",
      "Spain",
      "Sweden"
    ],
    "distance_matrix": [
      [
        0.0,
        0.12,
        0.132,
        0.159,
        0.126364,
        0.057273,
        0.141667,
        0.098889,
        0.124444,
        0.133846,
        0.094615,
        0.12,
        0.1025,
        0.088333,
        0.120909,
        0.105556,
        0.13,
        0.092222,
        0.091111,
        0.083636,
        0.066667,
        0.096667,
        0.062222,
        0.138182,
        0.13,
        0.157273,
        0.074167
      ],
      [
        0.12,
        0.0,
        0.134286,
        0.121111,
        0.1075,
        0.0775,
        0.098889,
        0.155,
        0.06625,
        0.111818,
        0.104545,
        0.095556,
        0.056667,
        0.162222,
        0.06,
        0.124286,
        0.12,
        0.25125,
        0.2175,
        0.066,
        0.114,
        0.032857,
        0.155,
        0.10625,
        0.11875,
        0.116667,
        0.101111
      ],
      [
        0.132,
        0.134286,
        0.0,
        0.051667,
        0.075,
        0.078,
        0.122222,
        0.087778,
        0.12,
        0.163333,
        0.165,
        0.0775,
        0.15625,
        0.131667,
        0.1375,
        0.052222,
        0.099,
        0.137,
        0.050909,
        0.115455,
        0.133333,
        0.081,
        0.142,
        0.157273,
        0.11,
        0.171667,
        0.124545
      ],
      [
        0.159,
        0.121111,
        0.051667,
        0.0,
        0.08,
        0.0825,
        0.104615,
        0.067,
        0.098571,
        0.12875,
        0.141765,
        0.08125,
        0.18625,
        0.124545,
        0.128824,
        0.040769,
        0.084545,
        0.166364,
        0.075,
        0.123571,
        0.162857,
        0.079167,
        0.163,
        0.162308,
        0.089286,
        0.155625,
        0.136154
      ],
      [
        0.126364,
        0.1075,
        0.075,
        0.08,
        0.0,
        0.062,
        0.073636,
        0.068,
        0.074,
        0.070833,
        0.092308,
        0.026667,
        0.06,
        0.07,
        0.098462,
        0.065,
        0.049,
        0.134,
        0.086,
        0.115,
        0.0675,
        0.069091,
        0.084444,
        0.079091,
        0.085,
        0.090769,
        0.148
      ],
      [
        0.057273,
        0.0775,
        0.078,
        0.0825,
        0.062,
        0.0,
        0.063333,
        0.083333,
        0.093333,
        0.094375,
        0.0875,
        0.051667,
        0.088333,
        0.080909,
        0.093846,
        0.075,
        0.09,
        0.116,
        0.093,
        0.074,
        0.0825,
        0.083333,
        0.071111,
        0.069091,
        0.105,
        0.133571,
        0.077692
      ],
      [
        0.141667,
        0.098889,
        0.122222,
        0.104615,
        0.073636,
        0.063333,
        0.0,
        0.106667,
        0.068333,
        0.081765,
        0.083889,
        0.06,
        0.095,
        0.129091,
        0.093333,
        0.099091,
        0.097,
        0.187,
        0.174,
        0.114,
        0.072857,
        0.062,
        0.15,
        0.098182,
        0.086154,
        0.11,
        0.110769
      ],
      [
        0.098889,
        0.155,
        0.087778,
        0.067,
        0.068,
        0.083333,
        0.106667,
        0.0,
        0.116,
        0.107,
        0.11,
        0.076,
        0.097143,
        0.097778,
        0.102,
        0.055,
        0.077,
        0.157778,
        0.103333,
        0.116667,
        0.076667,
        0.119,
        0.07,
        0.115556,
        0.143,
        0.135,
        0.154444
      ],
      [
        0.124444,
        0.06625,
        0.12,
        0.098571,
        0.074,
        0.093333,
        0.068333,
        0.116,
        0.0,
        0.104286,
        0.143333,
        0.0575,
        0.2175,
        0.120909,
        0.128,
        0.115833,
        0.083636,
        0.143,
        0.134,
        0.073077,
        0.074286,
        0.065,
        0.219,
        0.173333,
        0.09,
        0.133846,
        0.106667
      ],
      [
        0.133846,
        0.111818,
        0.163333,
        0.12875,
        0.070833,
        0.094375,
        0.081765,
        0.107,
        0.104286,
        0.0,
        0.086154,
        0.085294,
        0.162,
        0.160588,
        0.097368,
        0.095,
        0.070769,
        0.222727,
        0.1925,
        0.142105,
        0.085,
        0.064615,
        0.138182,
        0.13,
        0.125333,
        0.125294,
        0.178667
      ],
      [
        0.094615,
        0.104545,
        0.165,
        0.141765,
        0.092308,
        0.0875,
        0.083889,
        0.11,
        0.143333,
        0.086154,
        0.0,
        0.127368,
        0.115556,
        0.175,
        0.086364,
        0.092143,
        0.115,
        0.159091,
        0.139167,
        0.133158,
        0.088889,
        0.075,
        0.118182,
        0.113846,
        0.1,
        0.098235,
        0.165714
      ],
      [
        0.12,
        0.095556,
        0.0775,
        0.08125,
        0.026667,
        0.051667,
        0.06,
        0.076,
        0.0575,
        0.085294,
        0.127368,
        0.0,
        0.165,
        0.071333,
        0.120556,
        0.067273,
        0.060909,
        0.121,
        0.093333,
        0.106429,
        0.06,
        0.051538,
        0.142727,
        0.144615,
        0.078462,
        0.105882,
        0.120769
      ],
      [
        0.1025,
        0.056667,
        0.15625,
        0.18625,
        0.06,
        0.088333,
        0.095,
        0.097143,
        0.2175,
        0.162,
        0.115556,
        0.165,
        0.0,
        0.168,
        0.08,
        0.034286,
        0.101429,
        0.083333,
        0.066667,
        0.207143,
        0.1325,
        0.10625,
        0.065714,
        0.05125,
        0.078889,
        0.0975,
        0.184286
      ],
      [
        0.088333,
        0.162222,
        0.131667,
        0.124545,
        0.07,
        0.080909,
        0.129091,
        0.097778,
        0.120909,
        0.160588,
        0.175,
        0.071333,
        0.168,
        0.0,
        0.166429,
        0.091111,
        0.101,
        0.125,
        0.114545,
        0.099231,
        0.097143,
        0.145455,
        0.143636,
        0.125,
        0.135385,
        0.139091,
        0.123333
      ],
      [
        0.120909,
        0.06,
        0.1375,
        0.128824,
        0.098462,
        0.093846,
        0.093333,
        0.102,
        0.128,
        0.097368,
        0.086364,
        0.120556,
        0.08,
        0.166429,
        0.0,
        0.093846,
        0.093636,
        0.185,
        0.15,
        0.110625,
        0.09125,
        0.038462,
        0.1,
        0.102308,
        0.111333,
        0.096875,
        0.147143
      ],
      [
        0.105556,
        0.124286,
        0.052222,
        0.040769,
        0.065,
        0.075,
        0.099091,
        0.055,
        0.115833,
        0.095,
        0.092143,
        0.067273,
        0.034286,
        0.091111,
        0.093846,
        0.0,
        0.078182,
        0.137,
        0.076,
        0.106364,
        0.132857,
        0.085455,
        0.076667,
        0.074,
        0.089167,
        0.115833,
        0.121
      ],
      [
        0.13,
        0.12,
        0.099,
        0.084545,
        0.049,
        0.09,
        0.097,
        0.077,
        0.083636,
        0.070769,
        0.115,
        0.060909,
        0.101429,
        0.101,
        0.093636,
        0.078182,
        0.0,
        0.171111,
        0.106,
        0.126364,
        0.07,
        0.1,
        0.098889,
        0.114,
        0.122,
        0.12,
        0.146
      ],
      [
        0.092222,
        0.25125,
        0.137,
        0.166364,
        0.134,
        0.116,
        0.187,
        0.157778,
        0.143,
        0.222727,
        0.159091,
        0.121,
        0.083333,
        0.125,
        0.185,
        0.137,
        0.171111,
        0.0,
        0.096364,
        0.116,
        0.092857,
        0.174545,
        0.094444,
        0.1,
        0.156667,
        0.12,
        0.076
      ],
      [
        0.091111,
        0.2175,
        0.050909,
        0.075,
        0.086,
        0.093,
        0.174,
        0.103333,
        0.134,
        0.1925,
        0.139167,
        0.093333,
        0.066667,
        0.114545,
        0.15,
        0.076,
        0.106,
        0.096364,
        0.0,
        0.126,
        0.126667,
        0.140833,
        0.053333,
        0.104,
        0.151818,
        0.123333,
        0.096
      ],
      [
        0.083636,
        0.066,
        0.115455,
        0.123571,
        0.115,
        0.074,
        0.114,
        0.116667,
        0.073077,
        0.142105,
        0.133158,
        0.106429,
        0.207143,
        0.099231,
        0.110625,
        0.106364,
        0.126364,
        0.116,
        0.126,
        0.0,
        0.076667,
        0.067778,
        0.182,
        0.161538,
        0.1275,
        0.191333,
        0.079286
      ],
      [
        0.066667,
        0.114,
        0.133333,
        0.162857,
        0.0675,
        0.0825,
        0.072857,
        0.076667,
        0.074286,
        0.085,
        0.088889,
        0.06,
        0.1325,
        0.097143,
        0.09125,
        0.132857,
        0.07,
        0.092857,
        0.126667,
        0.076667,
        0.0,
        0.088333,
        0.085,
        0.133333,
        0.152857,
        0.1025,
        0.081429
      ],
      [
        0.096667,
        0.032857,
        0.081,
        0.079167,
        0.069091,
        0.083333,
        0.062,
        0.119,
        0.065,
        0.064615,
        0.075,
        0.051538,
        0.10625,
        0.145455,
        0.038462,
        0.085455,
        0.1,
        0.174545,
        0.140833,
        0.067778,
        0.088333,
        0.0,
        0.11,
        0.091111,
        0.089231,
        0.0625,
        0.101111
      ],
      [
        0.062222,
        0.155,
        0.142,
        0.163,
        0.084444,
        0.071111,
        0.15,
        0.07,
        0.219,
        0.138182,
        0.118182,
        0.142727,
        0.065714,
        0.143636,
        0.1,
        0.076667,
        0.098889,
        0.094444,
        0.053333,
        0.182,
        0.085,
        0.11,
        0.0,
        0.113,
        0.151111,
        0.15,
        0.168
      ],
      [
        0.138182,
        0.10625,
        0.157273,
        0.162308,
        0.079091,
        0.069091,
        0.098182,
        0.115556,
        0.173333,
        0.13,
        0.113846,
        0.144615,
        0.05125,
        0.125,
        0.102308,
        0.074,
        0.114,
        0.1,
        0.104,
        0.161538,
        0.133333,
        0.091111,
        0.113,
        0.0,
        0.083636,
        0.0975,
        0.171667
      ],
      [
        0.13,
        0.11875,
        0.11,
        0.089286,
        0.085,
        0.105,
        0.086154,
        0.143,
        0.09,
        0.125333,
        0.1,
        0.078462,
        0.078889,
        0.135385,
        0.111333,
        0.089167,
        0.122,
        0.156667,
        0.151818,
        0.1275,
        0.152857,
        0.089231,
        0.151111,
        0.083636,
        0.0,
        0.085,
        0.142727
      ],
      [
        0.157273,
        0.116667,
        0.171667,
        0.155625,
        0.090769,
        0.133571,
        0.11,
        0.135,
        0.133846,
        0.125294,
        0.098235,
        0.105882,
        0.0975,
        0.139091,
        0.096875,
        0.115833,
        0.12,
        0.12,
        0.123333,
        0.191333,
        0.1025,
        0.0625,
        0.15,
        0.0975,
        0.085,
        0.0,
        0.182667
      ],
      [
        0.074167,
        0.101111,
        0.124545,
        0.136154,
        0.148,
        0.077692,
        0.110769,
        0.154444,
        0.106667,
        0.178667,
        0.165714,
        0.120769,
        0.184286,
        0.123333,
        0.147143,
        0.121,
        0.146,
        0.076,
        0.096,
        0.079286,
        0.081429,
        0.101111,
        0.168,
        0.171667,
        0.142727,
        0.182667,
        0.0
      ]
    ],
    "pair_count_matrix": [
      [
        0,
        7,
        10,
        10,
        11,
        11,
        12,
        9,
        9,
        13,
        13,
        12,
        8,
        12,
        11,
        9,
        9,
        9,
        9,
        11,
        6,
        9,
        9,
        11,
        11,
        11,
        12
      ],
      [
        7,
        0,
        7,
        9,
        8,
        8,
        9,
        6,
        8,
        11,
        11,
        9,
        3,
        9,
        11,
        7,
        7,
        8,
        8,
        10,
        5,
        7,
        6,
        8,
        8,
        9,
        9
      ],
      [
        10,
        7,
        0,
        12,
        10,
        10,
        9,
        9,
        11,
        12,
        12,
        12,
        8,
        12,
        12,
        9,
        10,
        10,
        11,
        11,
        6,
        10,
        10,
        11,
        10,
        12,
        11
      ],
      [
        10,
        9,
        12,
        0,
        12,
        12,
        13,
        10,
        14,
        16,
        17,
        16,
        8,
        11,
        17,
        13,
        11,
        11,
        12,
        14,
        7,
        12,
        10,
        13,
        14,
        16,
        13
      ],
      [
        11,
        8,
        10,
        12,
        0,
        10,
        11,
        10,
        10,
        12,
        13,
        15,
        8,
        11,
        13,
        10,
        10,
        10,
        10,
        12,
        8,
        11,
        9,
        11,
        12,
        13,
        10
      ],
      [
        11,
        8,
        10,
        12,
        10,
        0,
        15,
        9,
        12,
        16,
        16,
        12,
        6,
        11,
        13,
        12,
        11,
        10,
        10,
        15,
        8,
        9,
        9,
        11,
        12,
        14,
        13
      ],
      [
        12,
        9,
        9,
        13,
        11,
        15,
        0,
        9,
        12,
        17,
        18,
        13,
        6,
        11,
        15,
        11,
        10,
        10,
        10,
        15,
        7,
        10,
        8,
        11,
        13,
        15,
        13
      ],
      [
        9,
        6,
        9,
        10,
        10,
        9,
        9,
        0,
        10,
        10,
        10,
        10,
        7,
        9,
        10,
        10,
        10,
        9,
        9,
        9,
        6,
        10,
        9,
        9,
        10,
        10,
        9
      ],
      [
        9,
        8,
        11,
        14,
        10,
        12,
        12,
        10,
        0,
        14,
        15,
        12,
        8,
        11,
        15,
        12,
        11,
        10,
        10,
        13,
        7,
        10,
        10,
        12,
        12,
        13,
        12
      ],
      [
        13,
        11,
        12,
        16,
        12,
        16,
        17,
        10,
        14,
        0,
        26,
        17,
        10,
        17,
        19,
        14,
        13,
        11,
        12,
        19,
        8,
        13,
        11,
        13,
        15,
        17,
        15
      ],
      [
        13,
        11,
        12,
        17,
        13,
        16,
        18,
        10,
        15,
        26,
        0,
        19,
        9,
        16,
        22,
        14,
        12,
        11,
        12,
        19,
        9,
        12,
        11,
        13,
        15,
        17,
        14
      ],
      [
        12,
        9,
        12,
        16,
        15,
        12,
        13,
        10,
        12,
        17,
        19,
        0,
        10,
        15,
        18,
        11,
        11,
        10,
        12,
        14,
        8,
        13,
        11,
        13,
        13,
        17,
        13
      ],
      [
        8,
        3,
        8,
        8,
        8,
        6,
        6,
        7,
        8,
        10,
        9,
        10,
        0,
        10,
        8,
        7,
        7,
        6,
        6,
        7,
        4,
        8,
        7,
        8,
        9,
        8,
        7
      ],
      [
        12,
        9,
        12,
        11,
        11,
        11,
        11,
        9,
        11,
        17,
        16,
        15,
        10,
        0,
        14,
        9,
        10,
        10,
        11,
        13,
        7,
        11,
        11,
        12,
        13,
        11,
        12
      ],
      [
        11,
        11,
        12,
        17,
        13,
        13,
        15,
        10,
        15,
        19,
        22,
        18,
        8,
        14,
        0,
        13,
        11,
        12,
        13,
        16,
        8,
        13,
        10,
        13,
        15,
        16,
        14
      ],
      [
        9,
        7,
        9,
        13,
        10,
        12,
        11,
        10,
        12,
        14,
        14,
        11,
        7,
        9,
        13,
        0,
        11,
        10,
        10,
        11,
        7,
        11,
        9,
        10,
        12,
        12,
        10
      ],
      [
        9,
        7,
        10,
        11,
        10,
        11,
        10,
        10,
        11,
        13,
        12,
        11,
        7,
        10,
        11,
        11,
        0,
        9,
        10,
        11,
        6,
        10,
        9,
        10,
        10,
        11,
        10
      ],
      [
        9,
        8,
        10,
        11,
        10,
        10,
        10,
        9,
        10,
        11,
        11,
        10,
        6,
        10,
        12,
        10,
        9,
        0,
        11,
        10,
        7,
        11,
        9,
        9,
        12,
        11,
        10
      ],
      [
        9,
        8,
        11,
        12,
        10,
        10,
        10,
        9,
        10,
        12,
        12,
        12,
        6,
        11,
        13,
        10,
        10,
        11,
        0,
        10,
        6,
        12,
        9,
        10,
        11,
        12,
        10
      ],
      [
        11,
        10,
        11,
        14,
        12,
        15,
        15,
        9,
        13,
        19,
        19,
        14,
        7,
        13,
        16,
        11,
        11,
        10,
        10,
        0,
        9,
        9,
        10,
        13,
        12,
        15,
        14
      ],
      [
        6,
        5,
        6,
        7,
        8,
        8,
        7,
        6,
        7,
        8,
        9,
        8,
        4,
        7,
        8,
        7,
        6,
        7,
        6,
        9,
        0,
        6,
        6,
        6,
        7,
        8,
        7
      ],
      [
        9,
        7,
        10,
        12,
        11,
        9,
        10,
        10,
        10,
        13,
        12,
        13,
        8,
        11,
        13,
        11,
        10,
        11,
        12,
        9,
        6,
        0,
        9,
        9,
        13,
        12,
        9
      ],
      [
        9,
        6,
        10,
        10,
        9,
        9,
        8,
        9,
        10,
        11,
        11,
        11,
        7,
        11,
        10,
        9,
        9,
        9,
        9,
        10,
        6,
        9,
        0,
        10,
        9,
        10,
        10
      ],
      [
        11,
        8,
        11,
        13,
        11,
        11,
        11,
        9,
        12,
        13,
        13,
        13,
        8,
        12,
        13,
        10,
        10,
        9,
        10,
        13,
        6,
        9,
        10,
        0,
        11,
        12,
        12
      ],
      [
        11,
        8,
        10,
        14,
        12,
        12,
        13,
        10,
        12,
        15,
        15,
        13,
        9,
        13,
        15,
        12,
        10,
        12,
        11,
        12,
        7,
        13,
        9,
        11,
        0,
        12,
        11
      ],
      [
        11,
        9,
        12,
        16,
        13,
        14,
        15,
        10,
        13,
        17,
        17,
        17,
        8,
        11,
        16,
        12,
        11,
        11,
        12,
        15,
        8,
        12,
        10,
        12,
        12,
        0,
        15
      ],
      [
        12,
        9,
        11,
        13,
        10,
        13,
        13,
        9,
        12,
        15,
        14,
        13,
        7,
        12,
        14,
        10,
        10,
        10,
        10,
        14,
        7,
        9,
        10,
        12,
        11,
        15,
        0
      ]
    ],
    "pair_records": [
      {
        "country_a": "Austria",
        "country_b": "Belgium",
        "distance": 0.12,
        "pair_count": 7
      },
      {
        "country_a": "Austria",
        "country_b": "Bulgaria",
        "distance": 0.132,
        "pair_count": 10
      },
      {
        "country_a": "Austria",
        "country_b": "Croatia",
        "distance": 0.159,
        "pair_count": 10
      },
      {
        "country_a": "Austria",
        "country_b": "Cyprus",
        "distance": 0.126364,
        "pair_count": 11
      },
      {
        "country_a": "Austria",
        "country_b": "Czechia",
        "distance": 0.057273,
        "pair_count": 11
      },
      {
        "country_a": "Austria",
        "country_b": "Denmark",
        "distance": 0.141667,
        "pair_count": 12
      },
      {
        "country_a": "Austria",
        "country_b": "Estonia",
        "distance": 0.098889,
        "pair_count": 9
      },
      {
        "country_a": "Austria",
        "country_b": "Finland",
        "distance": 0.124444,
        "pair_count": 9
      },
      {
        "country_a": "Austria",
        "country_b": "France",
        "distance": 0.133846,
        "pair_count": 13
      },
      {
        "country_a": "Austria",
        "country_b": "Germany",
        "distance": 0.094615,
        "pair_count": 13
      },
      {
        "country_a": "Austria",
        "country_b": "Greece",
        "distance": 0.12,
        "pair_count": 12
      },
      {
        "country_a": "Austria",
        "country_b": "Hungary",
        "distance": 0.1025,
        "pair_count": 8
      },
      {
        "country_a": "Austria",
        "country_b": "Ireland",
        "distance": 0.088333,
        "pair_count": 12
      },
      {
        "country_a": "Austria",
        "country_b": "Italy",
        "distance": 0.120909,
        "pair_count": 11
      },
      {
        "country_a": "Austria",
        "country_b": "Latvia",
        "distance": 0.105556,
        "pair_count": 9
      },
      {
        "country_a": "Austria",
        "country_b": "Lithuania",
        "distance": 0.13,
        "pair_count": 9
      },
      {
        "country_a": "Austria",
        "country_b": "Luxembourg",
        "distance": 0.092222,
        "pair_count": 9
      },
      {
        "country_a": "Austria",
        "country_b": "Malta",
        "distance": 0.091111,
        "pair_count": 9
      },
      {
        "country_a": "Austria",
        "country_b": "Netherlands",
        "distance": 0.083636,
        "pair_count": 11
      },
      {
        "country_a": "Austria",
        "country_b": "Poland",
        "distance": 0.066667,
        "pair_count": 6
      },
      {
        "country_a": "Austria",
        "country_b": "Portugal",
        "distance": 0.096667,
        "pair_count": 9
      },
      {
        "country_a": "Austria",
        "country_b": "Romania",
        "distance": 0.062222,
        "pair_count": 9
      },
      {
        "country_a": "Austria",
        "country_b": "Slovakia",
        "distance": 0.138182,
        "pair_count": 11
      },
      {
        "country_a": "Austria",
        "country_b": "Slovenia",
        "distance": 0.13,
        "pair_count": 11
      },
      {
        "country_a": "Austria",
        "country_b": "Spain",
        "distance": 0.157273,
        "pair_count": 11
      },
      {
        "country_a": "Austria",
        "country_b": "Sweden",
        "distance": 0.074167,
        "pair_count": 12
      },
      {
        "country_a": "Belgium",
        "country_b": "Bulgaria",
        "distance": 0.134286,
        "pair_count": 7
      },
      {
        "country_a": "Belgium",
        "country_b": "Croatia",
        "distance": 0.121111,
        "pair_count": 9
      },
      {
        "country_a": "Belgium",
        "country_b": "Cyprus",
        "distance": 0.1075,
        "pair_count": 8
      },
      {
        "country_a": "Belgium",
        "country_b": "Czechia",
        "distance": 0.0775,
        "pair_count": 8
      },
      {
        "country_a": "Belgium",
        "country_b": "Denmark",
        "distance": 0.098889,
        "pair_count": 9
      },
      {
        "country_a": "Belgium",
        "country_b": "Estonia",
        "distance": 0.155,
        "pair_count": 6
      },
      {
        "country_a": "Belgium",
        "country_b": "Finland",
        "distance": 0.06625,
        "pair_count": 8
      },
      {
        "country_a": "Belgium",
        "country_b": "France",
        "distance": 0.111818,
        "pair_count": 11
      },
      {
        "country_a": "Belgium",
        "country_b": "Germany",
        "distance": 0.104545,
        "pair_count": 11
      },
      {
        "country_a": "Belgium",
        "country_b": "Greece",
        "distance": 0.095556,
        "pair_count": 9
      },
      {
        "country_a": "Belgium",
        "country_b": "Hungary",
        "distance": 0.056667,
        "pair_count": 3
      },
      {
        "country_a": "Belgium",
        "country_b": "Ireland",
        "distance": 0.162222,
        "pair_count": 9
      },
      {
        "country_a": "Belgium",
        "country_b": "Italy",
        "distance": 0.06,
        "pair_count": 11
      },
      {
        "country_a": "Belgium",
        "country_b": "Latvia",
        "distance": 0.124286,
        "pair_count": 7
      },
      {
        "country_a": "Belgium",
        "country_b": "Lithuania",
        "distance": 0.12,
        "pair_count": 7
      },
      {
        "country_a": "Belgium",
        "country_b": "Luxembourg",
        "distance": 0.25125,
        "pair_count": 8
      },
      {
        "country_a": "Belgium",
        "country_b": "Malta",
        "distance": 0.2175,
        "pair_count": 8
      },
      {
        "country_a": "Belgium",
        "country_b": "Netherlands",
        "distance": 0.066,
        "pair_count": 10
      },
      {
        "country_a": "Belgium",
        "country_b": "Poland",
        "distance": 0.114,
        "pair_count": 5
      },
      {
        "country_a": "Belgium",
        "country_b": "Portugal",
        "distance": 0.032857,
        "pair_count": 7
      },
      {
        "country_a": "Belgium",
        "country_b": "Romania",
        "distance": 0.155,
        "pair_count": 6
      },
      {
        "country_a": "Belgium",
        "country_b": "Slovakia",
        "distance": 0.10625,
        "pair_count": 8
      },
      {
        "country_a": "Belgium",
        "country_b": "Slovenia",
        "distance": 0.11875,
        "pair_count": 8
      },
      {
        "country_a": "Belgium",
        "country_b": "Spain",
        "distance": 0.116667,
        "pair_count": 9
      },
      {
        "country_a": "Belgium",
        "country_b": "Sweden",
        "distance": 0.101111,
        "pair_count": 9
      },
      {
        "country_a": "Bulgaria",
        "country_b": "Croatia",
        "distance": 0.051667,
        "pair_count": 12
      },
      {
        "country_a": "Bulgaria",
        "country_b": "Cyprus",
        "distance": 0.075,
        "pair_count": 10
      },
      {
        "country_a": "Bulgaria",
        "country_b": "Czechia",
        "distance": 0.078,
        "pair_count": 10
      },
      {
        "country_a": "Bulgaria",
        "country_b": "Denmark",
        "distance": 0.122222,
        "pair_count": 9
      },
      {
        "country_a": "Bulgaria",
        "country_b": "Estonia",
        "distance": 0.087778,
        "pair_count": 9
      },
      {
        "country_a": "Bulgaria",
        "country_b": "Finland",
        "distance": 0.12,
        "pair_count": 11
      },
      {
        "country_a": "Bulgaria",
        "country_b": "France",
        "distance": 0.163333,
        "pair_count": 12
      },
      {
        "country_a": "Bulgaria",
        "country_b": "Germany",
        "distance": 0.165,
        "pair_count": 12
      },
      {
        "country_a": "Bulgaria",
        "country_b": "Greece",
        "distance": 0.0775,
        "pair_count": 12
      },
      {
        "country_a": "Bulgaria",
        "country_b": "Hungary",
        "distance": 0.15625,
        "pair_count": 8
      },
      {
        "country_a": "Bulgaria",
        "country_b": "Ireland",
        "distance": 0.131667,
        "pair_count": 12
      },
      {
        "country_a": "Bulgaria",
        "country_b": "Italy",
        "distance": 0.1375,
        "pair_count": 12
      },
      {
        "country_a": "Bulgaria",
        "country_b": "Latvia",
        "distance": 0.052222,
        "pair_count": 9
      },
      {
        "country_a": "Bulgaria",
        "country_b": "Lithuania",
        "distance": 0.099,
        "pair_count": 10
      },
      {
        "country_a": "Bulgaria",
        "country_b": "Luxembourg",
        "distance": 0.137,
        "pair_count": 10
      },
      {
        "country_a": "Bulgaria",
        "country_b": "Malta",
        "distance": 0.050909,
        "pair_count": 11
      },
      {
        "country_a": "Bulgaria",
        "country_b": "Netherlands",
        "distance": 0.115455,
        "pair_count": 11
      },
      {
        "country_a": "Bulgaria",
        "country_b": "Poland",
        "distance": 0.133333,
        "pair_count": 6
      },
      {
        "country_a": "Bulgaria",
        "country_b": "Portugal",
        "distance": 0.081,
        "pair_count": 10
      },
      {
        "country_a": "Bulgaria",
        "country_b": "Romania",
        "distance": 0.142,
        "pair_count": 10
      },
      {
        "country_a": "Bulgaria",
        "country_b": "Slovakia",
        "distance": 0.157273,
        "pair_count": 11
      },
      {
        "country_a": "Bulgaria",
        "country_b": "Slovenia",
        "distance": 0.11,
        "pair_count": 10
      },
      {
        "country_a": "Bulgaria",
        "country_b": "Spain",
        "distance": 0.171667,
        "pair_count": 12
      },
      {
        "country_a": "Bulgaria",
        "country_b": "Sweden",
        "distance": 0.124545,
        "pair_count": 11
      },
      {
        "country_a": "Croatia",
        "country_b": "Cyprus",
        "distance": 0.08,
        "pair_count": 12
      },
      {
        "country_a": "Croatia",
        "country_b": "Czechia",
        "distance": 0.0825,
        "pair_count": 12
      },
      {
        "country_a": "Croatia",
        "country_b": "Denmark",
        "distance": 0.104615,
        "pair_count": 13
      },
      {
        "country_a": "Croatia",
        "country_b": "Estonia",
        "distance": 0.067,
        "pair_count": 10
      },
      {
        "country_a": "Croatia",
        "country_b": "Finland",
        "distance": 0.098571,
        "pair_count": 14
      },
      {
        "country_a": "Croatia",
        "country_b": "France",
        "distance": 0.12875,
        "pair_count": 16
      },
      {
        "country_a": "Croatia",
        "country_b": "Germany",
        "distance": 0.141765,
        "pair_count": 17
      },
      {
        "country_a": "Croatia",
        "country_b": "Greece",
        "distance": 0.08125,
        "pair_count": 16
      },
      {
        "country_a": "Croatia",
        "country_b": "Hungary",
        "distance": 0.18625,
        "pair_count": 8
      },
      {
        "country_a": "Croatia",
        "country_b": "Ireland",
        "distance": 0.124545,
        "pair_count": 11
      },
      {
        "country_a": "Croatia",
        "country_b": "Italy",
        "distance": 0.128824,
        "pair_count": 17
      },
      {
        "country_a": "Croatia",
        "country_b": "Latvia",
        "distance": 0.040769,
        "pair_count": 13
      },
      {
        "country_a": "Croatia",
        "country_b": "Lithuania",
        "distance": 0.084545,
        "pair_count": 11
      },
      {
        "country_a": "Croatia",
        "country_b": "Luxembourg",
        "distance": 0.166364,
        "pair_count": 11
      },
      {
        "country_a": "Croatia",
        "country_b": "Malta",
        "distance": 0.075,
        "pair_count": 12
      },
      {
        "country_a": "Croatia",
        "country_b": "Netherlands",
        "distance": 0.123571,
        "pair_count": 14
      },
      {
        "country_a": "Croatia",
        "country_b": "Poland",
        "distance": 0.162857,
        "pair_count": 7
      },
      {
        "country_a": "Croatia",
        "country_b": "Portugal",
        "distance": 0.079167,
        "pair_count": 12
      },
      {
        "country_a": "Croatia",
        "country_b": "Romania",
        "distance": 0.163,
        "pair_count": 10
      },
      {
        "country_a": "Croatia",
        "country_b": "Slovakia",
        "distance": 0.162308,
        "pair_count": 13
      },
      {
        "country_a": "Croatia",
        "country_b": "Slovenia",
        "distance": 0.089286,
        "pair_count": 14
      },
      {
        "country_a": "Croatia",
        "country_b": "Spain",
        "distance": 0.155625,
        "pair_count": 16
      },
      {
        "country_a": "Croatia",
        "country_b": "Sweden",
        "distance": 0.136154,
        "pair_count": 13
      },
      {
        "country_a": "Cyprus",
        "country_b": "Czechia",
        "distance": 0.062,
        "pair_count": 10
      },
      {
        "country_a": "Cyprus",
        "country_b": "Denmark",
        "distance": 0.073636,
        "pair_count": 11
      },
      {
        "country_a": "Cyprus",
        "country_b": "Estonia",
        "distance": 0.068,
        "pair_count": 10
      },
      {
        "country_a": "Cyprus",
        "country_b": "Finland",
        "distance": 0.074,
        "pair_count": 10
      },
      {
        "country_a": "Cyprus",
        "country_b": "France",
        "distance": 0.070833,
        "pair_count": 12
      },
      {
        "country_a": "Cyprus",
        "country_b": "Germany",
        "distance": 0.092308,
        "pair_count": 13
      },
      {
        "country_a": "Cyprus",
        "country_b": "Greece",
        "distance": 0.026667,
        "pair_count": 15
      },
      {
        "country_a": "Cyprus",
        "country_b": "Hungary",
        "distance": 0.06,
        "pair_count": 8
      },
      {
        "country_a": "Cyprus",
        "country_b": "Ireland",
        "distance": 0.07,
        "pair_count": 11
      },
      {
        "country_a": "Cyprus",
        "country_b": "Italy",
        "distance": 0.098462,
        "pair_count": 13
      },
      {
        "country_a": "Cyprus",
        "country_b": "Latvia",
        "distance": 0.065,
        "pair_count": 10
      },
      {
        "country_a": "Cyprus",
        "country_b": "Lithuania",
        "distance": 0.049,
        "pair_count": 10
      },
      {
        "country_a": "Cyprus",
        "country_b": "Luxembourg",
        "distance": 0.134,
        "pair_count": 10
      },
      {
        "country_a": "Cyprus",
        "country_b": "Malta",
        "distance": 0.086,
        "pair_count": 10
      },
      {
        "country_a": "Cyprus",
        "country_b": "Netherlands",
        "distance": 0.115,
        "pair_count": 12
      },
      {
        "country_a": "Cyprus",
        "country_b": "Poland",
        "distance": 0.0675,
        "pair_count": 8
      },
      {
        "country_a": "Cyprus",
        "country_b": "Portugal",
        "distance": 0.069091,
        "pair_count": 11
      },
      {
        "country_a": "Cyprus",
        "country_b": "Romania",
        "distance": 0.084444,
        "pair_count": 9
      },
      {
        "country_a": "Cyprus",
        "country_b": "Slovakia",
        "distance": 0.079091,
        "pair_count": 11
      },
      {
        "country_a": "Cyprus",
        "country_b": "Slovenia",
        "distance": 0.085,
        "pair_count": 12
      },
      {
        "country_a": "Cyprus",
        "country_b": "Spain",
        "distance": 0.090769,
        "pair_count": 13
      },
      {
        "country_a": "Cyprus",
        "country_b": "Sweden",
        "distance": 0.148,
        "pair_count": 10
      },
      {
        "country_a": "Czechia",
        "country_b": "Denmark",
        "distance": 0.063333,
        "pair_count": 15
      },
      {
        "country_a": "Czechia",
        "country_b": "Estonia",
        "distance": 0.083333,
        "pair_count": 9
      },
      {
        "country_a": "Czechia",
        "country_b": "Finland",
        "distance": 0.093333,
        "pair_count": 12
      },
      {
        "country_a": "Czechia",
        "country_b": "France",
        "distance": 0.094375,
        "pair_count": 16
      },
      {
        "country_a": "Czechia",
        "country_b": "Germany",
        "distance": 0.0875,
        "pair_count": 16
      },
      {
        "country_a": "Czechia",
        "country_b": "Greece",
        "distance": 0.051667,
        "pair_count": 12
      },
      {
        "country_a": "Czechia",
        "country_b": "Hungary",
        "distance": 0.088333,
        "pair_count": 6
      },
      {
        "country_a": "Czechia",
        "country_b": "Ireland",
        "distance": 0.080909,
        "pair_count": 11
      },
      {
        "country_a": "Czechia",
        "country_b": "Italy",
        "distance": 0.093846,
        "pair_count": 13
      },
      {
        "country_a": "Czechia",
        "country_b": "Latvia",
        "distance": 0.075,
        "pair_count": 12
      },
      {
        "country_a": "Czechia",
        "country_b": "Lithuania",
        "distance": 0.09,
        "pair_count": 11
      },
      {
        "country_a": "Czechia",
