{
  "generated_at": "2025-11-15T16:37:49.291405+00:00",
  "parameters": {
    "outputs_dir": "outputs_combined",
    "min_pair_count": 3
  },
  "label": "Energy & Infrastructure",
  "category": "topic",
  "min_pair_threshold": 3,
  "data": {
    "countries": [
      "Austria",
      "Belgium",
      "Bulgaria",
      "Croatia",
      "Cyprus",
      "Czechia",
      "Denmark",
      "Estonia",
      "Finland",
      "France",
      "Germany",
      "Greece",
      "Hungary",
      "Ireland",
      "Italy",
      "Latvia",
      "Lithuania",
      "Luxembourg",
      "Malta",
      "Netherlands",
      "Poland",
      "Portugal",
      "Romania",
      "Slovakia",
      "Slovenia",
      "Spain",
      "Sweden"
    ],
    "distance_matrix": [
      [
        0.0,
        0.164667,
        0.149333,
        0.175,
        0.121667,
        0.068571,
        0.22,
        0.12,
        0.2075,
        0.171875,
        0.109474,
        0.092857,
        0.1675,
        0.112857,
        0.206316,
        0.1125,
        0.14,
        0.147857,
        0.1675,
        0.084706,
        0.173,
        0.107059,
        0.172857,
        0.195625,
        0.15,
        0.131765,
        0.272308
      ],
      [
        0.164667,
        0.0,
        0.139231,
        0.096154,
        0.137273,
        0.092727,
        0.12,
        0.141538,
        0.135714,
        0.130714,
        0.186875,
        0.137273,
        0.414286,
        0.053846,
        0.156875,
        0.090769,
        0.119231,
        0.12,
        0.095,
        0.083077,
        0.10875,
        0.153571,
        0.111818,
        0.194167,
        0.177692,
        0.142857,
        0.159091
      ],
      [
        0.149333,
        0.139231,
        0.0,
        0.092143,
        0.101429,
        0.131333,
        0.159231,
        0.181875,
        0.179412,
        0.097222,
        0.167647,
        0.096471,
        0.263333,
        0.118,
        0.128333,
        0.129375,
        0.124,
        0.125385,
        0.092308,
        0.14625,
        0.073,
        0.150556,
        0.062941,
        0.122941,
        0.133125,
        0.181333,
        0.196
      ],
      [
        0.175,
        0.096154,
        0.092143,
        0.0,
        0.082308,
        0.1,
        0.130769,
        0.124286,
        0.115556,
        0.104,
        0.190588,
        0.090714,
        0.328333,
        0.102667,
        0.107222,
        0.096667,
        0.116923,
        0.101538,
        0.063846,
        0.112667,
        0.0475,
        0.139333,
        0.080588,
        0.144667,
        0.093846,
        0.130625,
        0.133571
      ],
      [
        0.121667,
        0.137273,
        0.101429,
        0.082308,
        0.0,
        0.077692,
        0.11,
        0.106154,
        0.12,
        0.078462,
        0.114286,
        0.067333,
        0.312,
        0.131538,
        0.061333,
        0.112308,
        0.076667,
        0.140909,
        0.063571,
        0.115385,
        0.068333,
        0.127692,
        0.071429,
        0.116429,
        0.129167,
        0.148333,
        0.095833
      ],
      [
        0.068571,
        0.092727,
        0.131333,
        0.1,
        0.077692,
        0.0,
        0.137273,
        0.061875,
        0.085625,
        0.092,
        0.074,
        0.101176,
        0.172857,
        0.094615,
        0.082,
        0.071765,
        0.065,
        0.143077,
        0.1175,
        0.074,
        0.064545,
        0.069286,
        0.102353,
        0.103889,
        0.079333,
        0.0825,
        0.181429
      ],
      [
        0.22,
        0.12,
        0.159231,
        0.130769,
        0.11,
        0.137273,
        0.0,
        0.13625,
        0.098125,
        0.138571,
        0.170588,
        0.109286,
        0.363333,
        0.136923,
        0.139412,
        0.111429,
        0.092143,
        0.097273,
        0.099167,
        0.102143,
        0.08,
        0.185714,
        0.113846,
        0.126364,
        0.227857,
        0.189375,
        0.153077
      ],
      [
        0.12,
        0.141538,
        0.181875,
        0.124286,
        0.106154,
        0.061875,
        0.13625,
        0.0,
        0.06,
        0.153889,
        0.1125,
        0.127895,
        0.2525,
        0.068667,
        0.135263,
        0.0415,
        0.083,
        0.179231,
        0.10625,
        0.056,
        0.051,
        0.085556,
        0.111667,
        0.164118,
        0.154706,
        0.1,
        0.164118
      ],
      [
        0.2075,
        0.135714,
        0.179412,
        0.115556,
        0.12,
        0.085625,
        0.098125,
        0.06,
        0.0,
        0.1565,
        0.144,
        0.122,
        0.281429,
        0.10375,
        0.10381,
        0.071579,
        0.110588,
        0.175385,
        0.1125,
        0.092941,
        0.067692,
        0.117368,
        0.115455,
        0.140526,
        0.121765,
        0.155,
        0.175556
      ],
      [
        0.171875,
        0.130714,
        0.097222,
        0.104,
        0.078462,
        0.092,
        0.138571,
        0.153889,
        0.1565,
        0.0,
        0.1665,
        0.107222,
        0.251111,
        0.149412,
        0.095455,
        0.131875,
        0.071333,
        0.123571,
        0.151538,
        0.126471,
        0.082727,
        0.167,
        0.094211,
        0.133333,
        0.129474,
        0.189444,
        0.16875
      ],
      [
        0.109474,
        0.186875,
        0.167647,
        0.190588,
        0.114286,
        0.074,
        0.170588,
        0.1125,
        0.144,
        0.1665,
        0.0,
        0.118235,
        0.226,
        0.095625,
        0.202609,
        0.091667,
        0.141667,
        0.178,
        0.146667,
        0.063529,
        0.129167,
        0.09,
        0.173889,
        0.204444,
        0.157222,
        0.120909,
        0.209375
      ],
      [
        0.092857,
        0.137273,
        0.096471,
        0.090714,
        0.067333,
        0.101176,
        0.109286,
        0.127895,
        0.122,
        0.107222,
        0.118235,
        0.0,
        0.257143,
        0.1175,
        0.092222,
        0.11,
        0.096875,
        0.135385,
        0.1025,
        0.106471,
        0.0725,
        0.095294,
        0.064737,
        0.11,
        0.114444,
        0.127857,
        0.184
      ],
      [
        0.1675,
        0.414286,
        0.263333,
        0.328333,
        0.312,
        0.172857,
        0.363333,
        0.2525,
        0.281429,
        0.251111,
        0.226,
        0.257143,
        0.0,
        0.258571,
        0.286667,
        0.253333,
        0.33,
        0.336667,
        0.398,
        0.211429,
        0.393333,
        0.245,
        0.304286,
        0.088571,
        0.183333,
        0.3,
        0.488571
      ],
      [
        0.112857,
        0.053846,
        0.118,
        0.102667,
        0.131538,
        0.094615,
        0.136923,
        0.068667,
        0.10375,
        0.149412,
        0.095625,
        0.1175,
        0.258571,
        0.0,
        0.173889,
        0.064118,
        0.12,
        0.158667,
        0.121667,
        0.043529,
        0.1,
        0.077222,
        0.103571,
        0.188667,
        0.078667,
        0.09,
        0.179231
      ],
      [
        0.206316,
        0.156875,
        0.128333,
        0.107222,
        0.061333,
        0.082,
        0.139412,
        0.135263,
        0.10381,
        0.095455,
        0.202609,
        0.092222,
        0.286667,
        0.173889,
        0.0,
        0.137778,
        0.09,
        0.135,
        0.094375,
        0.165882,
        0.086923,
        0.151429,
        0.112778,
        0.138889,
        0.177368,
        0.2015,
        0.169375
      ],
      [
        0.1125,
        0.090769,
        0.129375,
        0.096667,
        0.112308,
        0.071765,
        0.111429,
        0.0415,
        0.071579,
        0.131875,
        0.091667,
        0.11,
        0.253333,
        0.064118,
        0.137778,
        0.0,
        0.075,
        0.144,
        0.092667,
        0.056875,
        0.059091,
        0.061765,
        0.086111,
        0.15,
        0.099286,
        0.092667,
        0.160667
      ],
      [
        0.14,
        0.119231,
        0.124,
        0.116923,
        0.076667,
        0.065,
        0.092143,
        0.083,
        0.110588,
        0.071333,
        0.141667,
        0.096875,
        0.33,
        0.12,
        0.09,
        0.075,
        0.0,
        0.126923,
        0.104286,
        0.086429,
        0.07375,
        0.162353,
        0.0875,
        0.118125,
        0.170714,
        0.175333,
        0.165714
      ],
      [
        0.147857,
        0.12,
        0.125385,
        0.101538,
        0.140909,
        0.143077,
        0.097273,
        0.179231,
        0.175385,
        0.123571,
        0.178,
        0.135385,
        0.336667,
        0.158667,
        0.135,
        0.144,
        0.126923,
        0.0,
        0.117,
        0.150667,
        0.119,
        0.125385,
        0.136667,
        0.19,
        0.139231,
        0.113846,
        0.2175
      ],
      [
        0.1675,
        0.095,
        0.092308,
        0.063846,
        0.063571,
        0.1175,
        0.099167,
        0.10625,
        0.1125,
        0.151538,
        0.146667,
        0.1025,
        0.398,
        0.121667,
        0.094375,
        0.092667,
        0.104286,
        0.117,
        0.0,
        0.144167,
        0.057778,
        0.124615,
        0.082,
        0.159286,
        0.201667,
        0.123846,
        0.09
      ],
      [
        0.084706,
        0.083077,
        0.14625,
        0.112667,
        0.115385,
        0.074,
        0.102143,
        0.056,
        0.092941,
        0.126471,
        0.063529,
        0.106471,
        0.211429,
        0.043529,
        0.165882,
        0.056875,
        0.086429,
        0.150667,
        0.144167,
        0.0,
        0.090909,
        0.054,
        0.114375,
        0.153529,
        0.076471,
        0.083571,
        0.156
      ],
      [
        0.173,
        0.10875,
        0.073,
        0.0475,
        0.068333,
        0.064545,
        0.08,
        0.051,
        0.067692,
        0.082727,
        0.129167,
        0.0725,
        0.393333,
        0.1,
        0.086923,
        0.059091,
        0.07375,
        0.119,
        0.057778,
        0.090909,
        0.0,
        0.130909,
        0.096154,
        0.145833,
        0.060909,
        0.1475,
        0.134444
      ],
      [
        0.107059,
        0.153571,
        0.150556,
        0.139333,
        0.127692,
        0.069286,
        0.185714,
        0.085556,
        0.117368,
        0.167,
        0.09,
        0.095294,
        0.245,
        0.077222,
        0.151429,
        0.061765,
        0.162353,
        0.125385,
        0.124615,
        0.054,
        0.130909,
        0.0,
        0.141765,
        0.211765,
        0.11,
        0.077222,
        0.192857
      ],
      [
        0.172857,
        0.111818,
        0.062941,
        0.080588,
        0.071429,
        0.102353,
        0.113846,
        0.111667,
        0.115455,
        0.094211,
        0.173889,
        0.064737,
        0.304286,
        0.103571,
        0.112778,
        0.086111,
        0.0875,
        0.136667,
        0.082,
        0.114375,
        0.096154,
        0.141765,
        0.0,
        0.112632,
        0.108,
        0.144118,
        0.13125
      ],
      [
        0.195625,
        0.194167,
        0.122941,
        0.144667,
        0.116429,
        0.103889,
        0.126364,
        0.164118,
        0.140526,
        0.133333,
        0.204444,
        0.11,
        0.088571,
        0.188667,
        0.138889,
        0.15,
        0.118125,
        0.19,
        0.159286,
        0.153529,
        0.145833,
        0.211765,
        0.112632,
        0.0,
        0.164706,
        0.275385,
        0.227333
      ],
      [
        0.15,
        0.177692,
        0.133125,
        0.093846,
        0.129167,
        0.079333,
        0.227857,
        0.154706,
        0.121765,
        0.129474,
        0.157222,
        0.114444,
        0.183333,
        0.078667,
        0.177368,
        0.099286,
        0.170714,
        0.139231,
        0.201667,
        0.076471,
        0.060909,
        0.11,
        0.108,
        0.164706,
        0.0,
        0.166667,
        0.216429
      ],
      [
        0.131765,
        0.142857,
        0.181333,
        0.130625,
        0.148333,
        0.0825,
        0.189375,
        0.1,
        0.155,
        0.189444,
        0.120909,
        0.127857,
        0.3,
        0.09,
        0.2015,
        0.092667,
        0.175333,
        0.113846,
        0.123846,
        0.083571,
        0.1475,
        0.077222,
        0.144118,
        0.275385,
        0.166667,
        0.0,
        0.187143
      ],
      [
        0.272308,
        0.159091,
        0.196,
        0.133571,
        0.095833,
        0.181429,
        0.153077,
        0.164118,
        0.175556,
        0.16875,
        0.209375,
        0.184,
        0.488571,
        0.179231,
        0.169375,
        0.160667,
        0.165714,
        0.2175,
        0.09,
        0.156,
        0.134444,
        0.192857,
        0.13125,
        0.227333,
        0.216429,
        0.187143,
        0.0
      ]
    ],
    "pair_count_matrix": [
      [
        0,
        15,
        15,
        14,
        12,
        14,
        14,
        16,
        16,
        16,
        19,
        14,
        8,
        14,
        19,
        16,
        16,
        14,
        12,
        17,
        10,
        17,
        14,
        16,
        16,
        17,
        13
      ],
      [
        15,
        0,
        13,
        13,
        11,
        11,
        12,
        13,
        14,
        14,
        16,
        11,
        7,
        13,
        16,
        13,
        13,
        13,
        10,
        13,
        8,
        14,
        11,
        12,
        13,
        14,
        11
      ],
      [
        15,
        13,
        0,
        14,
        14,
        15,
        13,
        16,
        17,
        18,
        17,
        17,
        9,
        15,
        18,
        16,
        15,
        13,
        13,
        16,
        10,
        18,
        17,
        17,
        16,
        15,
        15
      ],
      [
        14,
        13,
        14,
        0,
        13,
        12,
        13,
        14,
        18,
        15,
        17,
        14,
        6,
        15,
        18,
        15,
        13,
        13,
        13,
        15,
        12,
        15,
        17,
        15,
        13,
        16,
        14
      ],
      [
        12,
        11,
        14,
        13,
        0,
        13,
        11,
        13,
        14,
        13,
        14,
        15,
        5,
        13,
        15,
        13,
        12,
        11,
        14,
        13,
        12,
        13,
        14,
        14,
        12,
        12,
        12
      ],
      [
        14,
        11,
        15,
        12,
        13,
        0,
        11,
        16,
        16,
        15,
        15,
        17,
        7,
        13,
        15,
        17,
        16,
        13,
        12,
        15,
        11,
        14,
        17,
        18,
        15,
        12,
        14
      ],
      [
        14,
        12,
        13,
        13,
        11,
        11,
        0,
        16,
        16,
        14,
        17,
        14,
        6,
        13,
        17,
        14,
        14,
        11,
        12,
        14,
        8,
        14,
        13,
        11,
        14,
        16,
        13
      ],
      [
        16,
        13,
        16,
        14,
        13,
        16,
        16,
        0,
        20,
        18,
        20,
        19,
        8,
        15,
        19,
        20,
        20,
        13,
        16,
        15,
        10,
        18,
        18,
        17,
        17,
        17,
        17
      ],
      [
        16,
        14,
        17,
        18,
        14,
        16,
        16,
        20,
        0,
        20,
        20,
        20,
        7,
        16,
        21,
        19,
        17,
        13,
        16,
        17,
        13,
        19,
        22,
        19,
        17,
        18,
        18
      ],
      [
        16,
        14,
        18,
        15,
        13,
        15,
        14,
        18,
        20,
        0,
        20,
        18,
        9,
        17,
        22,
        16,
        15,
        14,
        13,
        17,
        11,
        20,
        19,
        18,
        19,
        18,
        16
      ],
      [
        19,
        16,
        17,
        17,
        14,
        15,
        17,
        20,
        20,
        20,
        0,
        17,
        10,
        16,
        23,
        18,
        18,
        15,
        15,
        17,
        12,
        20,
        18,
        18,
        18,
        22,
        16
      ],
      [
        14,
        11,
        17,
        14,
        15,
        17,
        14,
        19,
        20,
        18,
        17,
        0,
        7,
        16,
        18,
        18,
        16,
        13,
        16,
        17,
        12,
        17,
        19,
        20,
        18,
        14,
        15
      ],
      [
        8,
        7,
        9,
        6,
        5,
        7,
        6,
        8,
        7,
        9,
        10,
        7,
        0,
        7,
        9,
        6,
        7,
        6,
        5,
        7,
        3,
        10,
        7,
        7,
        9,
        10,
        7
      ],
      [
        14,
        13,
        15,
        15,
        13,
        13,
        13,
        15,
        16,
        17,
        16,
        16,
        7,
        0,
        18,
        17,
        14,
        15,
        12,
        17,
        12,
        18,
        14,
        15,
        15,
        15,
        13
      ],
      [
        19,
        16,
        18,
        18,
        15,
        15,
        17,
        19,
        21,
        22,
        23,
        18,
        9,
        18,
        0,
        18,
        17,
        14,
        16,
        17,
        13,
        21,
        18,
        18,
        19,
        20,
        16
      ],
      [
        16,
        13,
        16,
        15,
        13,
        17,
        14,
        20,
        19,
        16,
        18,
        18,
        6,
        17,
        18,
        0,
        20,
        15,
        15,
        16,
        11,
        17,
        18,
        18,
        14,
        15,
        15
      ],
      [
        16,
        13,
        15,
        13,
        12,
        16,
        14,
        20,
        17,
        15,
        18,
        16,
        7,
        14,
        17,
        20,
        0,
        13,
        14,
        14,
        8,
        17,
        16,
        16,
        14,
        15,
        14
      ],
      [
        14,
        13,
        13,
        13,
        11,
        13,
        11,
        13,
        13,
        14,
        15,
        13,
        6,
        15,
        14,
        15,
        13,
        0,
        10,
        15,
        10,
        13,
        12,
        14,
        13,
        13,
        12
      ],
      [
        12,
        10,
        13,
        13,
        14,
        12,
        12,
        16,
        16,
        13,
        15,
        16,
        5,
        12,
        16,
        15,
        14,
        10,
        0,
        12,
        9,
        13,
        15,
        14,
        12,
        13,
        13
      ],
      [
        17,
        13,
        16,
        15,
        13,
        15,
        14,
        15,
        17,
        17,
        17,
        17,
        7,
        17,
        17,
        16,
        14,
        15,
        12,
        0,
        11,
        15,
        16,
        17,
        17,
        14,
        15
      ],
      [
        10,
        8,
        10,
        12,
        12,
        11,
        8,
        10,
        13,
        11,
        12,
        12,
        3,
        12,
        13,
        11,
        8,
        10,
        9,
        11,
        0,
        11,
        13,
        12,
        11,
        12,
        9
      ],
      [
        17,
        14,
        18,
        15,
        13,
        14,
        14,
        18,
        19,
        20,
        20,
        17,
        10,
        18,
        21,
        17,
        17,
        13,
        13,
        15,
        11,
        0,
        17,
        17,
        17,
        18,
        14
      ],
      [
        14,
        11,
        17,
        17,
        14,
        17,
        13,
        18,
        22,
        19,
        18,
        19,
        7,
        14,
        18,
        18,
        16,
        12,
        15,
        16,
        13,
        17,
        0,
        19,
        15,
        17,
        16
      ],
      [
        16,
        12,
        17,
        15,
        14,
        18,
        11,
        17,
        19,
        18,
        18,
        20,
        7,
        15,
        18,
        18,
        16,
        14,
        14,
        17,
        12,
        17,
        19,
        0,
        17,
        13,
        15
      ],
      [
        16,
        13,
        16,
        13,
        12,
        15,
        14,
        17,
        17,
        19,
        18,
        18,
        9,
        15,
        19,
        14,
        14,
        13,
        12,
        17,
        11,
        17,
        15,
        17,
        0,
        15,
        14
      ],
      [
        17,
        14,
        15,
        16,
        12,
        12,
        16,
        17,
        18,
        18,
        22,
        14,
        10,
        15,
        20,
        15,
        15,
        13,
        13,
        14,
        12,
        18,
        17,
        13,
        15,
        0,
        14
      ],
      [
        13,
        11,
        15,
        14,
        12,
        14,
        13,
        17,
        18,
        16,
        16,
        15,
        7,
        13,
        16,
        15,
        14,
        12,
        13,
        15,
        9,
        14,
        16,
        15,
        14,
        14,
        0
      ]
    ],
    "pair_records": [
      {
        "country_a": "Austria",
        "country_b": "Belgium",
        "distance": 0.164667,
        "pair_count": 15
      },
      {
        "country_a": "Austria",
        "country_b": "Bulgaria",
        "distance": 0.149333,
        "pair_count": 15
      },
      {
        "country_a": "Austria",
        "country_b": "Croatia",
        "distance": 0.175,
        "pair_count": 14
      },
      {
        "country_a": "Austria",
        "country_b": "Cyprus",
        "distance": 0.121667,
        "pair_count": 12
      },
      {
        "country_a": "Austria",
        "country_b": "Czechia",
        "distance": 0.068571,
        "pair_count": 14
      },
      {
        "country_a": "Austria",
        "country_b": "Denmark",
        "distance": 0.22,
        "pair_count": 14
      },
      {
        "country_a": "Austria",
        "country_b": "Estonia",
        "distance": 0.12,
        "pair_count": 16
      },
      {
        "country_a": "Austria",
        "country_b": "Finland",
        "distance": 0.2075,
        "pair_count": 16
      },
      {
        "country_a": "Austria",
        "country_b": "France",
        "distance": 0.171875,
        "pair_count": 16
      },
      {
        "country_a": "Austria",
        "country_b": "Germany",
        "distance": 0.109474,
        "pair_count": 19
      },
      {
        "country_a": "Austria",
        "country_b": "Greece",
        "distance": 0.092857,
        "pair_count": 14
      },
      {
        "country_a": "Austria",
        "country_b": "Hungary",
        "distance": 0.1675,
        "pair_count": 8
      },
      {
        "country_a": "Austria",
        "country_b": "Ireland",
        "distance": 0.112857,
        "pair_count": 14
      },
      {
        "country_a": "Austria",
        "country_b": "Italy",
        "distance": 0.206316,
        "pair_count": 19
      },
      {
        "country_a": "Austria",
        "country_b": "Latvia",
        "distance": 0.1125,
        "pair_count": 16
      },
      {
        "country_a": "Austria",
        "country_b": "Lithuania",
        "distance": 0.14,
        "pair_count": 16
      },
      {
        "country_a": "Austria",
        "country_b": "Luxembourg",
        "distance": 0.147857,
        "pair_count": 14
      },
      {
        "country_a": "Austria",
        "country_b": "Malta",
        "distance": 0.1675,
        "pair_count": 12
      },
      {
        "country_a": "Austria",
        "country_b": "Netherlands",
        "distance": 0.084706,
        "pair_count": 17
      },
      {
        "country_a": "Austria",
        "country_b": "Poland",
        "distance": 0.173,
        "pair_count": 10
      },
      {
        "country_a": "Austria",
        "country_b": "Portugal",
        "distance": 0.107059,
        "pair_count": 17
      },
      {
        "country_a": "Austria",
        "country_b": "Romania",
        "distance": 0.172857,
        "pair_count": 14
      },
      {
        "country_a": "Austria",
        "country_b": "Slovakia",
        "distance": 0.195625,
        "pair_count": 16
      },
      {
        "country_a": "Austria",
        "country_b": "Slovenia",
        "distance": 0.15,
        "pair_count": 16
      },
      {
        "country_a": "Austria",
        "country_b": "Spain",
        "distance": 0.131765,
        "pair_count": 17
      },
      {
        "country_a": "Austria",
        "country_b": "Sweden",
        "distance": 0.272308,
        "pair_count": 13
      },
      {
        "country_a": "Belgium",
        "country_b": "Bulgaria",
        "distance": 0.139231,
        "pair_count": 13
      },
      {
        "country_a": "Belgium",
        "country_b": "Croatia",
        "distance": 0.096154,
        "pair_count": 13
      },
      {
        "country_a": "Belgium",
        "country_b": "Cyprus",
        "distance": 0.137273,
        "pair_count": 11
      },
      {
        "country_a": "Belgium",
        "country_b": "Czechia",
        "distance": 0.092727,
        "pair_count": 11
      },
      {
        "country_a": "Belgium",
        "country_b": "Denmark",
        "distance": 0.12,
        "pair_count": 12
      },
      {
        "country_a": "Belgium",
        "country_b": "Estonia",
        "distance": 0.141538,
        "pair_count": 13
      },
      {
        "country_a": "Belgium",
        "country_b": "Finland",
        "distance": 0.135714,
        "pair_count": 14
      },
      {
        "country_a": "Belgium",
        "country_b": "France",
        "distance": 0.130714,
        "pair_count": 14
      },
      {
        "country_a": "Belgium",
        "country_b": "Germany",
        "distance": 0.186875,
        "pair_count": 16
      },
      {
        "country_a": "Belgium",
        "country_b": "Greece",
        "distance": 0.137273,
        "pair_count": 11
      },
      {
        "country_a": "Belgium",
        "country_b": "Hungary",
        "distance": 0.414286,
        "pair_count": 7
      },
      {
        "country_a": "Belgium",
        "country_b": "Ireland",
        "distance": 0.053846,
        "pair_count": 13
      },
      {
        "country_a": "Belgium",
        "country_b": "Italy",
        "distance": 0.156875,
        "pair_count": 16
      },
      {
        "country_a": "Belgium",
        "country_b": "Latvia",
        "distance": 0.090769,
        "pair_count": 13
      },
      {
        "country_a": "Belgium",
        "country_b": "Lithuania",
        "distance": 0.119231,
        "pair_count": 13
      },
      {
        "country_a": "Belgium",
        "country_b": "Luxembourg",
        "distance": 0.12,
        "pair_count": 13
      },
      {
        "country_a": "Belgium",
        "country_b": "Malta",
        "distance": 0.095,
        "pair_count": 10
      },
      {
        "country_a": "Belgium",
        "country_b": "Netherlands",
        "distance": 0.083077,
        "pair_count": 13
      },
      {
        "country_a": "Belgium",
        "country_b": "Poland",
        "distance": 0.10875,
        "pair_count": 8
      },
      {
        "country_a": "Belgium",
        "country_b": "Portugal",
        "distance": 0.153571,
        "pair_count": 14
      },
      {
        "country_a": "Belgium",
        "country_b": "Romania",
        "distance": 0.111818,
        "pair_count": 11
      },
      {
        "country_a": "Belgium",
        "country_b": "Slovakia",
        "distance": 0.194167,
        "pair_count": 12
      },
      {
        "country_a": "Belgium",
        "country_b": "Slovenia",
        "distance": 0.177692,
        "pair_count": 13
      },
      {
        "country_a": "Belgium",
        "country_b": "Spain",
        "distance": 0.142857,
        "pair_count": 14
      },
      {
        "country_a": "Belgium",
        "country_b": "Sweden",
        "distance": 0.159091,
        "pair_count": 11
      },
      {
        "country_a": "Bulgaria",
        "country_b": "Croatia",
        "distance": 0.092143,
        "pair_count": 14
      },
      {
        "country_a": "Bulgaria",
        "country_b": "Cyprus",
        "distance": 0.101429,
        "pair_count": 14
      },
      {
        "country_a": "Bulgaria",
        "country_b": "Czechia",
        "distance": 0.131333,
        "pair_count": 15
      },
      {
        "country_a": "Bulgaria",
        "country_b": "Denmark",
        "distance": 0.159231,
        "pair_count": 13
      },
      {
        "country_a": "Bulgaria",
        "country_b": "Estonia",
        "distance": 0.181875,
        "pair_count": 16
      },
      {
        "country_a": "Bulgaria",
        "country_b": "Finland",
        "distance": 0.179412,
        "pair_count": 17
      },
      {
        "country_a": "Bulgaria",
        "country_b": "France",
        "distance": 0.097222,
        "pair_count": 18
      },
      {
        "country_a": "Bulgaria",
        "country_b": "Germany",
        "distance": 0.167647,
        "pair_count": 17
      },
      {
        "country_a": "Bulgaria",
        "country_b": "Greece",
        "distance": 0.096471,
        "pair_count": 17
      },
      {
        "country_a": "Bulgaria",
        "country_b": "Hungary",
        "distance": 0.263333,
        "pair_count": 9
      },
      {
        "country_a": "Bulgaria",
        "country_b": "Ireland",
        "distance": 0.118,
        "pair_count": 15
      },
      {
        "country_a": "Bulgaria",
        "country_b": "Italy",
        "distance": 0.128333,
        "pair_count": 18
      },
      {
        "country_a": "Bulgaria",
        "country_b": "Latvia",
        "distance": 0.129375,
        "pair_count": 16
      },
      {
        "country_a": "Bulgaria",
        "country_b": "Lithuania",
        "distance": 0.124,
        "pair_count": 15
      },
      {
        "country_a": "Bulgaria",
        "country_b": "Luxembourg",
        "distance": 0.125385,
        "pair_count": 13
      },
      {
        "country_a": "Bulgaria",
        "country_b": "Malta",
        "distance": 0.092308,
        "pair_count": 13
      },
      {
        "country_a": "Bulgaria",
        "country_b": "Netherlands",
        "distance": 0.14625,
        "pair_count": 16
      },
      {
        "country_a": "Bulgaria",
        "country_b": "Poland",
        "distance": 0.073,
        "pair_count": 10
      },
      {
        "country_a": "Bulgaria",
        "country_b": "Portugal",
        "distance": 0.150556,
        "pair_count": 18
      },
      {
        "country_a": "Bulgaria",
        "country_b": "Romania",
        "distance": 0.062941,
        "pair_count": 17
      },
      {
        "country_a": "Bulgaria",
        "country_b": "Slovakia",
        "distance": 0.122941,
        "pair_count": 17
      },
      {
        "country_a": "Bulgaria",
        "country_b": "Slovenia",
        "distance": 0.133125,
        "pair_count": 16
      },
      {
        "country_a": "Bulgaria",
        "country_b": "Spain",
        "distance": 0.181333,
        "pair_count": 15
      },
      {
        "country_a": "Bulgaria",
        "country_b": "Sweden",
        "distance": 0.196,
        "pair_count": 15
      },
      {
        "country_a": "Croatia",
        "country_b": "Cyprus",
        "distance": 0.082308,
        "pair_count": 13
      },
      {
        "country_a": "Croatia",
        "country_b": "Czechia",
        "distance": 0.1,
        "pair_count": 12
      },
      {
        "country_a": "Croatia",
        "country_b": "Denmark",
        "distance": 0.130769,
        "pair_count": 13
      },
      {
        "country_a": "Croatia",
        "country_b": "Estonia",
        "distance": 0.124286,
        "pair_count": 14
      },
      {
        "country_a": "Croatia",
        "country_b": "Finland",
        "distance": 0.115556,
        "pair_count": 18
      },
      {
        "country_a": "Croatia",
        "country_b": "France",
        "distance": 0.104,
        "pair_count": 15
      },
      {
        "country_a": "Croatia",
        "country_b": "Germany",
        "distance": 0.190588,
        "pair_count": 17
      },
      {
        "country_a": "Croatia",
        "country_b": "Greece",
        "distance": 0.090714,
        "pair_count": 14
      },
      {
        "country_a": "Croatia",
        "country_b": "Hungary",
        "distance": 0.328333,
        "pair_count": 6
      },
      {
        "country_a": "Croatia",
        "country_b": "Ireland",
        "distance": 0.102667,
        "pair_count": 15
      },
      {
        "country_a": "Croatia",
        "country_b": "Italy",
        "distance": 0.107222,
        "pair_count": 18
      },
      {
        "country_a": "Croatia",
        "country_b": "Latvia",
        "distance": 0.096667,
        "pair_count": 15
      },
      {
        "country_a": "Croatia",
        "country_b": "Lithuania",
        "distance": 0.116923,
        "pair_count": 13
      },
      {
        "country_a": "Croatia",
        "country_b": "Luxembourg",
        "distance": 0.101538,
        "pair_count": 13
      },
      {
        "country_a": "Croatia",
        "country_b": "Malta",
        "distance": 0.063846,
        "pair_count": 13
      },
      {
        "country_a": "Croatia",
        "country_b": "Netherlands",
        "distance": 0.112667,
        "pair_count": 15
      },
      {
        "country_a": "Croatia",
        "country_b": "Poland",
        "distance": 0.0475,
        "pair_count": 12
      },
      {
        "country_a": "Croatia",
        "country_b": "Portugal",
        "distance": 0.139333,
        "pair_count": 15
      },
      {
        "country_a": "Croatia",
        "country_b": "Romania",
        "distance": 0.080588,
        "pair_count": 17
      },
      {
        "country_a": "Croatia",
        "country_b": "Slovakia",
        "distance": 0.144667,
        "pair_count": 15
      },
      {
        "country_a": "Croatia",
        "country_b": "Slovenia",
        "distance": 0.093846,
        "pair_count": 13
      },
      {
        "country_a": "Croatia",
        "country_b": "Spain",
        "distance": 0.130625,
        "pair_count": 16
      },
      {
        "country_a": "Croatia",
        "country_b": "Sweden",
        "distance": 0.133571,
        "pair_count": 14
      },
      {
        "country_a": "Cyprus",
        "country_b": "Czechia",
        "distance": 0.077692,
        "pair_count": 13
      },
      {
        "country_a": "Cyprus",
        "country_b": "Denmark",
        "distance": 0.11,
        "pair_count": 11
      },
      {
        "country_a": "Cyprus",
        "country_b": "Estonia",
        "distance": 0.106154,
        "pair_count": 13
      },
      {
        "country_a": "Cyprus",
        "country_b": "Finland",
        "distance": 0.12,
        "pair_count": 14
      },
      {
        "country_a": "Cyprus",
        "country_b": "France",
        "distance": 0.078462,
        "pair_count": 13
      },
      {
        "country_a": "Cyprus",
        "country_b": "Germany",
        "distance": 0.114286,
        "pair_count": 14
      },
      {
        "country_a": "Cyprus",
        "country_b": "Greece",
        "distance": 0.067333,
        "pair_count": 15
      },
      {
        "country_a": "Cyprus",
        "country_b": "Hungary",
        "distance": 0.312,
        "pair_count": 5
      },
      {
        "country_a": "Cyprus",
        "country_b": "Ireland",
        "distance": 0.131538,
        "pair_count": 13
      },
      {
        "country_a": "Cyprus",
        "country_b": "Italy",
        "distance": 0.061333,
        "pair_count": 15
      },
      {
        "country_a": "Cyprus",
        "country_b": "Latvia",
        "distance": 0.112308,
        "pair_count": 13
      },
      {
        "country_a": "Cyprus",
        "country_b": "Lithuania",
        "distance": 0.076667,
        "pair_count": 12
      },
      {
        "country_a": "Cyprus",
        "country_b": "Luxembourg",
        "distance": 0.140909,
        "pair_count": 11
      },
      {
        "country_a": "Cyprus",
        "country_b": "Malta",
        "distance": 0.063571,
        "pair_count": 14
      },
      {
        "country_a": "Cyprus",
        "country_b": "Netherlands",
        "distance": 0.115385,
        "pair_count": 13
      },
      {
        "country_a": "Cyprus",
        "country_b": "Poland",
        "distance": 0.068333,
        "pair_count": 12
      },
      {
        "country_a": "Cyprus",
        "country_b": "Portugal",
        "distance": 0.127692,
        "pair_count": 13
      },
      {
        "country_a": "Cyprus",
        "country_b": "Romania",
        "distance": 0.071429,
        "pair_count": 14
      },
      {
        "country_a": "Cyprus",
        "country_b": "Slovakia",
        "distance": 0.116429,
        "pair_count": 14
      },
      {
        "country_a": "Cyprus",
        "country_b": "Slovenia",
        "distance": 0.129167,
        "pair_count": 12
      },
      {
        "country_a": "Cyprus",
        "country_b": "Spain",
        "distance": 0.148333,
        "pair_count": 12
      },
      {
        "country_a": "Cyprus",
        "country_b": "Sweden",
        "distance": 0.095833,
        "pair_count": 12
      },
      {
        "country_a": "Czechia",
        "country_b": "Denmark",
        "distance": 0.137273,
        "pair_count": 11
      },
      {
        "country_a": "Czechia",
        "country_b": "Estonia",
        "distance": 0.061875,
        "pair_count": 16
      },
      {
        "country_a": "Czechia",
        "country_b": "Finland",
        "distance": 0.085625,
        "pair_count": 16
      },
      {
        "country_a": "Czechia",
        "country_b": "France",
        "distance": 0.092,
        "pair_count": 15
      },
      {
        "country_a": "Czechia",
        "country_b": "Germany",
        "distance": 0.074,
        "pair_count": 15
      },
      {
        "country_a": "Czechia",
        "country_b": "Greece",
        "distance": 0.101176,
        "pair_count": 17
      },
      {
        "country_a": "Czechia",
        "country_b": "Hungary",
        "distance": 0.172857,
        "pair_count": 7
      },
