{
  "generated_at": "2025-11-15T16:37:49.291405+00:00",
  "parameters": {
    "outputs_dir": "outputs_combined",
    "min_pair_count": 3
  },
  "label": "Justice & Home Affairs",
  "category": "topic",
  "min_pair_threshold": 3,
  "data": {
    "countries": [
      "Austria",
      "Belgium",
      "Bulgaria",
      "Croatia",
      "Cyprus",
      "Czechia",
      "Estonia",
      "Finland",
      "France",
      "Germany",
      "Hungary",
      "Ireland",
      "Italy",
      "Latvia",
      "Lithuania",
      "Luxembourg",
      "Malta",
      "Netherlands",
      "Poland",
      "Portugal",
      "Romania",
      "Slovakia",
      "Slovenia",
      "Spain",
      "Sweden"
    ],
    "distance_matrix": [
      [
        0.0,
        0.225,
        0.235,
        0.085,
        0.115,
        0.1425,
        0.123333,
        0.12,
        0.005,
        0.116667,
        0.215,
        0.25,
        0.315,
        0.15,
        0.09,
        0.24,
        0.07,
        0.1175,
        0.1075,
        0.26,
        0.36,
        0.25,
        0.345,
        0.316667,
        0.333333
      ],
      [
        0.225,
        0.0,
        0.05,
        0.09,
        0.05,
        0.15,
        0.21,
        0.24,
        0.38,
        0.04,
        0.28,
        0.255,
        0.23,
        0.05,
        0.12,
        0.263333,
        0.35,
        0.316667,
        0.256667,
        0.01,
        0.06,
        0.105,
        0.436667,
        0.27,
        0.36
      ],
      [
        0.235,
        0.05,
        0.0,
        0.146667,
        0.266667,
        0.133333,
        0.1175,
        0.1475,
        0.2325,
        0.225,
        0.376667,
        0.1925,
        0.34,
        0.36,
        0.233333,
        0.246667,
        0.253333,
        0.296667,
        0.21,
        0.06,
        0.1025,
        0.28,
        0.2725,
        0.3025,
        0.296667
      ],
      [
        0.085,
        0.09,
        0.146667,
        0.0,
        0.18,
        0.125,
        0.143333,
        0.076667,
        0.216667,
        0.163333,
        0.256667,
        0.156667,
        0.306667,
        0.21,
        0.12,
        0.16,
        0.14,
        0.183333,
        0.123333,
        0.15,
        0.233333,
        0.203333,
        0.233333,
        0.153333,
        0.15
      ],
      [
        0.115,
        0.05,
        0.266667,
        0.18,
        0.0,
        0.325,
        0.223333,
        0.156667,
        0.183333,
        0.016667,
        0.21,
        0.063333,
        0.326667,
        0.01,
        0.126667,
        0.12,
        0.06,
        0.15,
        0.056667,
        0.263333,
        0.32,
        0.33,
        0.22,
        0.14,
        0.263333
      ],
      [
        0.1425,
        0.15,
        0.133333,
        0.125,
        0.325,
        0.0,
        0.1375,
        0.164,
        0.153333,
        0.23,
        0.225,
        0.27,
        0.226667,
        0.256667,
        0.29,
        0.3325,
        0.24,
        0.26,
        0.25,
        0.073333,
        0.133333,
        0.1825,
        0.286,
        0.4175,
        0.306667
      ],
      [
        0.123333,
        0.21,
        0.1175,
        0.143333,
        0.223333,
        0.1375,
        0.0,
        0.136,
        0.25,
        0.174,
        0.4,
        0.21,
        0.3825,
        0.235,
        0.143333,
        0.265,
        0.17,
        0.1675,
        0.2025,
        0.1525,
        0.195,
        0.3225,
        0.31,
        0.245,
        0.24
      ],
      [
        0.12,
        0.24,
        0.1475,
        0.076667,
        0.156667,
        0.164,
        0.136,
        0.0,
        0.165,
        0.19,
        0.266667,
        0.192,
        0.2625,
        0.106667,
        0.103333,
        0.15,
        0.135,
        0.114,
        0.1,
        0.1825,
        0.24,
        0.222,
        0.231667,
        0.374,
        0.2175
      ],
      [
        0.005,
        0.38,
        0.2325,
        0.216667,
        0.183333,
        0.153333,
        0.25,
        0.165,
        0.0,
        0.1775,
        0.1925,
        0.095,
        0.2075,
        0.12,
        0.23,
        0.223333,
        0.1,
        0.28,
        0.173333,
        0.2275,
        0.28,
        0.3075,
        0.11,
        0.33,
        0.313333
      ],
      [
        0.116667,
        0.04,
        0.225,
        0.163333,
        0.016667,
        0.23,
        0.174,
        0.19,
        0.1775,
        0.0,
        0.206667,
        0.0925,
        0.3,
        0.025,
        0.13,
        0.255,
        0.04,
        0.2025,
        0.1425,
        0.23,
        0.2625,
        0.31,
        0.264,
        0.2525,
        0.246667
      ],
      [
        0.215,
        0.28,
        0.376667,
        0.256667,
        0.21,
        0.225,
        0.4,
        0.266667,
        0.1925,
        0.206667,
        0.0,
        0.166667,
        0.183333,
        0.19,
        0.336667,
        0.33,
        0.16,
        0.36,
        0.213333,
        0.306667,
        0.323333,
        0.306667,
        0.043333,
        0.29,
        0.24
      ],
      [
        0.25,
        0.255,
        0.1925,
        0.156667,
        0.063333,
        0.27,
        0.21,
        0.192,
        0.095,
        0.0925,
        0.166667,
        0.0,
        0.2075,
        0.2,
        0.17,
        0.235,
        0.245,
        0.32,
        0.2025,
        0.1825,
        0.24,
        0.326,
        0.108,
        0.242,
        0.1925
      ],
      [
        0.315,
        0.23,
        0.34,
        0.306667,
        0.326667,
        0.226667,
        0.3825,
        0.2625,
        0.2075,
        0.3,
        0.183333,
        0.2075,
        0.0,
        0.41,
        0.386667,
        0.38,
        0.313333,
        0.423333,
        0.316667,
        0.28,
        0.31,
        0.11,
        0.1475,
        0.4625,
        0.276667
      ],
      [
        0.15,
        0.05,
        0.36,
        0.21,
        0.01,
        0.256667,
        0.235,
        0.106667,
        0.12,
        0.025,
        0.19,
        0.2,
        0.41,
        0.0,
        0.115,
        0.096667,
        0.146667,
        0.14,
        0.106667,
        0.385,
        0.485,
        0.366667,
        0.29,
        0.3,
        0.33
      ],
      [
        0.09,
        0.12,
        0.233333,
        0.12,
        0.126667,
        0.29,
        0.143333,
        0.103333,
        0.23,
        0.13,
        0.336667,
        0.17,
        0.386667,
        0.115,
        0.0,
        0.06,
        0.145,
        0.063333,
        0.123333,
        0.27,
        0.353333,
        0.323333,
        0.313333,
        0.173333,
        0.21
      ],
      [
        0.24,
        0.263333,
        0.246667,
        0.16,
        0.12,
        0.3325,
        0.265,
        0.15,
        0.223333,
        0.255,
        0.33,
        0.235,
        0.38,
        0.096667,
        0.06,
        0.0,
        0.216667,
        0.176,
        0.15,
        0.276667,
        0.36,
        0.285,
        0.294,
        0.26,
        0.3175
      ],
      [
        0.07,
        0.35,
        0.253333,
        0.14,
        0.06,
        0.24,
        0.17,
        0.135,
        0.1,
        0.04,
        0.16,
        0.245,
        0.313333,
        0.146667,
        0.145,
        0.216667,
        0.0,
        0.093333,
        0.04,
        0.28,
        0.32,
        0.3225,
        0.295,
        0.4325,
        0.383333
      ],
      [
        0.1175,
        0.316667,
        0.296667,
        0.183333,
        0.15,
        0.26,
        0.1675,
        0.114,
        0.28,
        0.2025,
        0.36,
        0.32,
        0.423333,
        0.14,
        0.063333,
        0.176,
        0.093333,
        0.0,
        0.118,
        0.333333,
        0.416667,
        0.315,
        0.382,
        0.365,
        0.3075
      ],
      [
        0.1075,
        0.256667,
        0.21,
        0.123333,
        0.056667,
        0.25,
        0.2025,
        0.1,
        0.173333,
        0.1425,
        0.213333,
        0.2025,
        0.316667,
        0.106667,
        0.123333,
        0.15,
        0.04,
        0.118,
        0.0,
        0.226667,
        0.31,
        0.2225,
        0.276,
        0.2875,
        0.33
      ],
      [
        0.26,
        0.01,
        0.06,
        0.15,
        0.263333,
        0.073333,
        0.1525,
        0.1825,
        0.2275,
        0.23,
        0.306667,
        0.1825,
        0.28,
        0.385,
        0.27,
        0.276667,
        0.28,
        0.333333,
        0.226667,
        0.0,
        0.0825,
        0.23,
        0.2275,
        0.276,
        0.266667
      ],
      [
        0.36,
        0.06,
        0.1025,
        0.233333,
        0.32,
        0.133333,
        0.195,
        0.24,
        0.28,
        0.2625,
        0.323333,
        0.24,
        0.31,
        0.485,
        0.353333,
        0.36,
        0.32,
        0.416667,
        0.31,
        0.0825,
        0.0,
        0.2875,
        0.23,
        0.325,
        0.316667
      ],
      [
        0.25,
        0.105,
        0.28,
        0.203333,
        0.33,
        0.1825,
        0.3225,
        0.222,
        0.3075,
        0.31,
        0.306667,
        0.326,
        0.11,
        0.366667,
        0.323333,
        0.285,
        0.3225,
        0.315,
        0.2225,
        0.23,
        0.2875,
        0.0,
        0.326,
        0.492,
        0.3425
      ],
      [
        0.345,
        0.436667,
        0.2725,
        0.233333,
        0.22,
        0.286,
        0.31,
        0.231667,
        0.11,
        0.264,
        0.043333,
        0.108,
        0.1475,
        0.29,
        0.313333,
        0.294,
        0.295,
        0.382,
        0.276,
        0.2275,
        0.23,
        0.326,
        0.0,
        0.314,
        0.175
      ],
      [
        0.316667,
        0.27,
        0.3025,
        0.153333,
        0.14,
        0.4175,
        0.245,
        0.374,
        0.33,
        0.2525,
        0.29,
        0.242,
        0.4625,
        0.3,
        0.173333,
        0.26,
        0.4325,
        0.365,
        0.2875,
        0.276,
        0.325,
        0.492,
        0.314,
        0.0,
        0.2275
      ],
      [
        0.333333,
        0.36,
        0.296667,
        0.15,
        0.263333,
        0.306667,
        0.24,
        0.2175,
        0.313333,
        0.246667,
        0.24,
        0.1925,
        0.276667,
        0.33,
        0.21,
        0.3175,
        0.383333,
        0.3075,
        0.33,
        0.266667,
        0.316667,
        0.3425,
        0.175,
        0.2275,
        0.0
      ]
    ],
    "pair_count_matrix": [
      [
        0,
        2,
        2,
        2,
        2,
        4,
        3,
        4,
        2,
        3,
        2,
        3,
        2,
        3,
        2,
        4,
        3,
        4,
        4,
        2,
        2,
        3,
        4,
        3,
        3
      ],
      [
        2,
        0,
        1,
        1,
        1,
        2,
        2,
        3,
        1,
        2,
        1,
        2,
        1,
        1,
        1,
        3,
        1,
        3,
        3,
        1,
        1,
        2,
        3,
        2,
        2
      ],
      [
        2,
        1,
        0,
        3,
        3,
        3,
        4,
        4,
        4,
        4,
        3,
        4,
        4,
        2,
        3,
        3,
        3,
        3,
        3,
        4,
        4,
        4,
        4,
        4,
        3
      ],
      [
        2,
        1,
        3,
        0,
        3,
        2,
        3,
        3,
        3,
        3,
        3,
        3,
        3,
        2,
        3,
        3,
        2,
        3,
        3,
        3,
        3,
        3,
        3,
        3,
        3
      ],
      [
        2,
        1,
        3,
        3,
        0,
        2,
        3,
        3,
        3,
        3,
        3,
        3,
        3,
        2,
        3,
        3,
        2,
        3,
        3,
        3,
        3,
        3,
        3,
        3,
        3
      ],
      [
        4,
        2,
        3,
        2,
        2,
        0,
        4,
        5,
        3,
        4,
        2,
        4,
        3,
        3,
        2,
        4,
        4,
        4,
        4,
        3,
        3,
        4,
        5,
        4,
        3
      ],
      [
        3,
        2,
        4,
        3,
        3,
        4,
        0,
        5,
        4,
        5,
        3,
        4,
        4,
        2,
        3,
        4,
        3,
        4,
        4,
        4,
        4,
        4,
        5,
        4,
        3
      ],
      [
        4,
        3,
        4,
        3,
        3,
        5,
        5,
        0,
        4,
        5,
        3,
        5,
        4,
        3,
        3,
        5,
        4,
        5,
        5,
        4,
        4,
        5,
        6,
        5,
        4
      ],
      [
        2,
        1,
        4,
        3,
        3,
        3,
        4,
        4,
        0,
        4,
        4,
        4,
        4,
        2,
        3,
        3,
        3,
        3,
        3,
        4,
        4,
        4,
        4,
        4,
        3
      ],
      [
        3,
        2,
        4,
        3,
        3,
        4,
        5,
        5,
        4,
        0,
        3,
        4,
        4,
        2,
        3,
        4,
        3,
        4,
        4,
        4,
        4,
        4,
        5,
        4,
        3
      ],
      [
        2,
        1,
        3,
        3,
        3,
        2,
        3,
        3,
        4,
        3,
        0,
        3,
        3,
        2,
        3,
        3,
        2,
        3,
        3,
        3,
        3,
        3,
        3,
        3,
        3
      ],
      [
        3,
        2,
        4,
        3,
        3,
        4,
        4,
        5,
        4,
        4,
        3,
        0,
        4,
        3,
        3,
        4,
        4,
        4,
        4,
        4,
        4,
        5,
        5,
        5,
        4
      ],
      [
        2,
        1,
        4,
        3,
        3,
        3,
        4,
        4,
        4,
        4,
        3,
        4,
        0,
        2,
        3,
        3,
        3,
        3,
        3,
        4,
        5,
        4,
        4,
        4,
        3
      ],
      [
        3,
        1,
        2,
        2,
        2,
        3,
        2,
        3,
        2,
        2,
        2,
        3,
        2,
        0,
        2,
        3,
        3,
        3,
        3,
        2,
        2,
        3,
        3,
        3,
        3
      ],
      [
        2,
        1,
        3,
        3,
        3,
        2,
        3,
        3,
        3,
        3,
        3,
        3,
        3,
        2,
        0,
        3,
        2,
        3,
        3,
        3,
        3,
        3,
        3,
        3,
        3
      ],
      [
        4,
        3,
        3,
        3,
        3,
        4,
        4,
        5,
        3,
        4,
        3,
        4,
        3,
        3,
        3,
        0,
        3,
        5,
        5,
        3,
        3,
        4,
        5,
        4,
        4
      ],
      [
        3,
        1,
        3,
        2,
        2,
        4,
        3,
        4,
        3,
        3,
        2,
        4,
        3,
        3,
        2,
        3,
        0,
        3,
        3,
        3,
        3,
        4,
        4,
        4,
        3
      ],
      [
        4,
        3,
        3,
        3,
        3,
        4,
        4,
        5,
        3,
        4,
        3,
        4,
        3,
        3,
        3,
        5,
        3,
        0,
        5,
        3,
        3,
        4,
        5,
        4,
        4
      ],
      [
        4,
        3,
        3,
        3,
        3,
        4,
        4,
        5,
        3,
        4,
        3,
        4,
        3,
        3,
        3,
        5,
        3,
        5,
        0,
        3,
        3,
        4,
        5,
        4,
        4
      ],
      [
        2,
        1,
        4,
        3,
        3,
        3,
        4,
        4,
        4,
        4,
        3,
        4,
        4,
        2,
        3,
        3,
        3,
        3,
        3,
        0,
        4,
        4,
        4,
        5,
        3
      ],
      [
        2,
        1,
        4,
        3,
        3,
        3,
        4,
        4,
        4,
        4,
        3,
        4,
        5,
        2,
        3,
        3,
        3,
        3,
        3,
        4,
        0,
        4,
        4,
        4,
        3
      ],
      [
        3,
        2,
        4,
        3,
        3,
        4,
        4,
        5,
        4,
        4,
        3,
        5,
        4,
        3,
        3,
        4,
        4,
        4,
        4,
        4,
        4,
        0,
        5,
        5,
        4
      ],
      [
        4,
        3,
        4,
        3,
        3,
        5,
        5,
        6,
        4,
        5,
        3,
        5,
        4,
        3,
        3,
        5,
        4,
        5,
        5,
        4,
        4,
        5,
        0,
        5,
        4
      ],
      [
        3,
        2,
        4,
        3,
        3,
        4,
        4,
        5,
        4,
        4,
        3,
        5,
        4,
        3,
        3,
        4,
        4,
        4,
        4,
        5,
        4,
        5,
        5,
        0,
        4
      ],
      [
        3,
        2,
        3,
        3,
        3,
        3,
        3,
        4,
        3,
        3,
        3,
        4,
        3,
        3,
        3,
        4,
        3,
        4,
        4,
        3,
        3,
        4,
        4,
        4,
        0
      ]
    ],
    "pair_records": [
      {
        "country_a": "Austria",
        "country_b": "Belgium",
        "distance": 0.225,
        "pair_count": 2
      },
      {
        "country_a": "Austria",
        "country_b": "Bulgaria",
        "distance": 0.235,
        "pair_count": 2
      },
      {
        "country_a": "Austria",
        "country_b": "Croatia",
        "distance": 0.085,
        "pair_count": 2
      },
      {
        "country_a": "Austria",
        "country_b": "Cyprus",
        "distance": 0.115,
        "pair_count": 2
      },
      {
        "country_a": "Austria",
        "country_b": "Czechia",
        "distance": 0.1425,
        "pair_count": 4
      },
      {
        "country_a": "Austria",
        "country_b": "Estonia",
        "distance": 0.123333,
        "pair_count": 3
      },
      {
        "country_a": "Austria",
        "country_b": "Finland",
        "distance": 0.12,
        "pair_count": 4
      },
      {
        "country_a": "Austria",
        "country_b": "France",
        "distance": 0.005,
        "pair_count": 2
      },
      {
        "country_a": "Austria",
        "country_b": "Germany",
        "distance": 0.116667,
        "pair_count": 3
      },
      {
        "country_a": "Austria",
        "country_b": "Hungary",
        "distance": 0.215,
        "pair_count": 2
      },
      {
        "country_a": "Austria",
        "country_b": "Ireland",
        "distance": 0.25,
        "pair_count": 3
      },
      {
        "country_a": "Austria",
        "country_b": "Italy",
        "distance": 0.315,
        "pair_count": 2
      },
      {
        "country_a": "Austria",
        "country_b": "Latvia",
        "distance": 0.15,
        "pair_count": 3
      },
      {
        "country_a": "Austria",
        "country_b": "Lithuania",
        "distance": 0.09,
        "pair_count": 2
      },
      {
        "country_a": "Austria",
        "country_b": "Luxembourg",
        "distance": 0.24,
        "pair_count": 4
      },
      {
        "country_a": "Austria",
        "country_b": "Malta",
        "distance": 0.07,
        "pair_count": 3
      },
      {
        "country_a": "Austria",
        "country_b": "Netherlands",
        "distance": 0.1175,
        "pair_count": 4
      },
      {
        "country_a": "Austria",
        "country_b": "Poland",
        "distance": 0.1075,
        "pair_count": 4
      },
      {
        "country_a": "Austria",
        "country_b": "Portugal",
        "distance": 0.26,
        "pair_count": 2
      },
      {
        "country_a": "Austria",
        "country_b": "Romania",
        "distance": 0.36,
        "pair_count": 2
      },
      {
        "country_a": "Austria",
        "country_b": "Slovakia",
        "distance": 0.25,
        "pair_count": 3
      },
      {
        "country_a": "Austria",
        "country_b": "Slovenia",
        "distance": 0.345,
        "pair_count": 4
      },
      {
        "country_a": "Austria",
        "country_b": "Spain",
        "distance": 0.316667,
        "pair_count": 3
      },
      {
        "country_a": "Austria",
        "country_b": "Sweden",
        "distance": 0.333333,
        "pair_count": 3
      },
      {
        "country_a": "Belgium",
        "country_b": "Bulgaria",
        "distance": 0.05,
        "pair_count": 1
      },
      {
        "country_a": "Belgium",
        "country_b": "Croatia",
        "distance": 0.09,
        "pair_count": 1
      },
      {
        "country_a": "Belgium",
        "country_b": "Cyprus",
        "distance": 0.05,
        "pair_count": 1
      },
      {
        "country_a": "Belgium",
        "country_b": "Czechia",
        "distance": 0.15,
        "pair_count": 2
      },
      {
        "country_a": "Belgium",
        "country_b": "Estonia",
        "distance": 0.21,
        "pair_count": 2
      },
      {
        "country_a": "Belgium",
        "country_b": "Finland",
        "distance": 0.24,
        "pair_count": 3
      },
      {
        "country_a": "Belgium",
        "country_b": "France",
        "distance": 0.38,
        "pair_count": 1
      },
      {
        "country_a": "Belgium",
        "country_b": "Germany",
        "distance": 0.04,
        "pair_count": 2
      },
      {
        "country_a": "Belgium",
        "country_b": "Hungary",
        "distance": 0.28,
        "pair_count": 1
      },
      {
        "country_a": "Belgium",
        "country_b": "Ireland",
        "distance": 0.255,
        "pair_count": 2
      },
      {
        "country_a": "Belgium",
        "country_b": "Italy",
        "distance": 0.23,
        "pair_count": 1
      },
      {
        "country_a": "Belgium",
        "country_b": "Latvia",
        "distance": 0.05,
        "pair_count": 1
      },
      {
        "country_a": "Belgium",
        "country_b": "Lithuania",
        "distance": 0.12,
        "pair_count": 1
      },
      {
        "country_a": "Belgium",
        "country_b": "Luxembourg",
        "distance": 0.263333,
        "pair_count": 3
      },
      {
        "country_a": "Belgium",
        "country_b": "Malta",
        "distance": 0.35,
        "pair_count": 1
      },
      {
        "country_a": "Belgium",
        "country_b": "Netherlands",
        "distance": 0.316667,
        "pair_count": 3
      },
      {
        "country_a": "Belgium",
        "country_b": "Poland",
        "distance": 0.256667,
        "pair_count": 3
      },
      {
        "country_a": "Belgium",
        "country_b": "Portugal",
        "distance": 0.01,
        "pair_count": 1
      },
      {
        "country_a": "Belgium",
        "country_b": "Romania",
        "distance": 0.06,
        "pair_count": 1
      },
      {
        "country_a": "Belgium",
        "country_b": "Slovakia",
        "distance": 0.105,
        "pair_count": 2
      },
      {
        "country_a": "Belgium",
        "country_b": "Slovenia",
        "distance": 0.436667,
        "pair_count": 3
      },
      {
        "country_a": "Belgium",
        "country_b": "Spain",
        "distance": 0.27,
        "pair_count": 2
      },
      {
        "country_a": "Belgium",
        "country_b": "Sweden",
        "distance": 0.36,
        "pair_count": 2
      },
      {
        "country_a": "Bulgaria",
        "country_b": "Croatia",
        "distance": 0.146667,
        "pair_count": 3
      },
      {
        "country_a": "Bulgaria",
        "country_b": "Cyprus",
        "distance": 0.266667,
        "pair_count": 3
      },
      {
        "country_a": "Bulgaria",
        "country_b": "Czechia",
        "distance": 0.133333,
        "pair_count": 3
      },
      {
        "country_a": "Bulgaria",
        "country_b": "Estonia",
        "distance": 0.1175,
        "pair_count": 4
      },
      {
        "country_a": "Bulgaria",
        "country_b": "Finland",
        "distance": 0.1475,
        "pair_count": 4
      },
      {
        "country_a": "Bulgaria",
        "country_b": "France",
        "distance": 0.2325,
        "pair_count": 4
      },
      {
        "country_a": "Bulgaria",
        "country_b": "Germany",
        "distance": 0.225,
        "pair_count": 4
      },
      {
        "country_a": "Bulgaria",
        "country_b": "Hungary",
        "distance": 0.376667,
        "pair_count": 3
      },
      {
        "country_a": "Bulgaria",
        "country_b": "Ireland",
        "distance": 0.1925,
        "pair_count": 4
      },
      {
        "country_a": "Bulgaria",
        "country_b": "Italy",
        "distance": 0.34,
        "pair_count": 4
      },
      {
        "country_a": "Bulgaria",
        "country_b": "Latvia",
        "distance": 0.36,
        "pair_count": 2
      },
      {
        "country_a": "Bulgaria",
        "country_b": "Lithuania",
        "distance": 0.233333,
        "pair_count": 3
      },
      {
        "country_a": "Bulgaria",
        "country_b": "Luxembourg",
        "distance": 0.246667,
        "pair_count": 3
      },
      {
        "country_a": "Bulgaria",
        "country_b": "Malta",
        "distance": 0.253333,
        "pair_count": 3
      },
      {
        "country_a": "Bulgaria",
        "country_b": "Netherlands",
        "distance": 0.296667,
        "pair_count": 3
      },
      {
        "country_a": "Bulgaria",
        "country_b": "Poland",
        "distance": 0.21,
        "pair_count": 3
      },
      {
        "country_a": "Bulgaria",
        "country_b": "Portugal",
        "distance": 0.06,
        "pair_count": 4
      },
      {
        "country_a": "Bulgaria",
        "country_b": "Romania",
        "distance": 0.1025,
        "pair_count": 4
      },
      {
        "country_a": "Bulgaria",
        "country_b": "Slovakia",
        "distance": 0.28,
        "pair_count": 4
      },
      {
        "country_a": "Bulgaria",
        "country_b": "Slovenia",
        "distance": 0.2725,
        "pair_count": 4
      },
      {
        "country_a": "Bulgaria",
        "country_b": "Spain",
        "distance": 0.3025,
        "pair_count": 4
      },
      {
        "country_a": "Bulgaria",
        "country_b": "Sweden",
        "distance": 0.296667,
        "pair_count": 3
      },
      {
        "country_a": "Croatia",
        "country_b": "Cyprus",
        "distance": 0.18,
        "pair_count": 3
      },
      {
        "country_a": "Croatia",
        "country_b": "Czechia",
        "distance": 0.125,
        "pair_count": 2
      },
      {
        "country_a": "Croatia",
        "country_b": "Estonia",
        "distance": 0.143333,
        "pair_count": 3
      },
      {
        "country_a": "Croatia",
        "country_b": "Finland",
        "distance": 0.076667,
        "pair_count": 3
      },
      {
        "country_a": "Croatia",
        "country_b": "France",
        "distance": 0.216667,
        "pair_count": 3
      },
      {
        "country_a": "Croatia",
        "country_b": "Germany",
        "distance": 0.163333,
        "pair_count": 3
      },
      {
        "country_a": "Croatia",
        "country_b": "Hungary",
        "distance": 0.256667,
        "pair_count": 3
      },
      {
        "country_a": "Croatia",
        "country_b": "Ireland",
        "distance": 0.156667,
        "pair_count": 3
      },
      {
        "country_a": "Croatia",
        "country_b": "Italy",
        "distance": 0.306667,
        "pair_count": 3
      },
      {
        "country_a": "Croatia",
        "country_b": "Latvia",
        "distance": 0.21,
        "pair_count": 2
      },
      {
        "country_a": "Croatia",
        "country_b": "Lithuania",
        "distance": 0.12,
        "pair_count": 3
      },
      {
        "country_a": "Croatia",
        "country_b": "Luxembourg",
        "distance": 0.16,
        "pair_count": 3
      },
      {
        "country_a": "Croatia",
        "country_b": "Malta",
        "distance": 0.14,
        "pair_count": 2
      },
      {
        "country_a": "Croatia",
        "country_b": "Netherlands",
        "distance": 0.183333,
        "pair_count": 3
      },
      {
        "country_a": "Croatia",
        "country_b": "Poland",
        "distance": 0.123333,
        "pair_count": 3
      },
      {
        "country_a": "Croatia",
        "country_b": "Portugal",
        "distance": 0.15,
        "pair_count": 3
      },
      {
        "country_a": "Croatia",
        "country_b": "Romania",
        "distance": 0.233333,
        "pair_count": 3
      },
      {
        "country_a": "Croatia",
        "country_b": "Slovakia",
        "distance": 0.203333,
        "pair_count": 3
      },
      {
        "country_a": "Croatia",
        "country_b": "Slovenia",
        "distance": 0.233333,
        "pair_count": 3
      },
      {
        "country_a": "Croatia",
        "country_b": "Spain",
        "distance": 0.153333,
        "pair_count": 3
      },
      {
        "country_a": "Croatia",
        "country_b": "Sweden",
        "distance": 0.15,
        "pair_count": 3
      },
      {
        "country_a": "Cyprus",
        "country_b": "Czechia",
        "distance": 0.325,
        "pair_count": 2
      },
      {
        "country_a": "Cyprus",
        "country_b": "Estonia",
        "distance": 0.223333,
        "pair_count": 3
      },
      {
        "country_a": "Cyprus",
        "country_b": "Finland",
        "distance": 0.156667,
        "pair_count": 3
      },
      {
        "country_a": "Cyprus",
        "country_b": "France",
        "distance": 0.183333,
        "pair_count": 3
      },
      {
        "country_a": "Cyprus",
        "country_b": "Germany",
        "distance": 0.016667,
        "pair_count": 3
      },
      {
        "country_a": "Cyprus",
        "country_b": "Hungary",
        "distance": 0.21,
        "pair_count": 3
      },
      {
        "country_a": "Cyprus",
        "country_b": "Ireland",
        "distance": 0.063333,
        "pair_count": 3
      },
      {
        "country_a": "Cyprus",
        "country_b": "Italy",
        "distance": 0.326667,
        "pair_count": 3
      },
      {
        "country_a": "Cyprus",
        "country_b": "Latvia",
        "distance": 0.01,
        "pair_count": 2
      },
      {
        "country_a": "Cyprus",
        "country_b": "Lithuania",
        "distance": 0.126667,
        "pair_count": 3
      },
      {
        "country_a": "Cyprus",
        "country_b": "Luxembourg",
        "distance": 0.12,
        "pair_count": 3
      },
      {
        "country_a": "Cyprus",
        "country_b": "Malta",
        "distance": 0.06,
        "pair_count": 2
      },
      {
        "country_a": "Cyprus",
        "country_b": "Netherlands",
        "distance": 0.15,
        "pair_count": 3
      },
      {
        "country_a": "Cyprus",
        "country_b": "Poland",
        "distance": 0.056667,
        "pair_count": 3
      },
      {
        "country_a": "Cyprus",
        "country_b": "Portugal",
        "distance": 0.263333,
        "pair_count": 3
      },
      {
        "country_a": "Cyprus",
        "country_b": "Romania",
        "distance": 0.32,
        "pair_count": 3
      },
      {
        "country_a": "Cyprus",
        "country_b": "Slovakia",
        "distance": 0.33,
        "pair_count": 3
      },
      {
        "country_a": "Cyprus",
        "country_b": "Slovenia",
        "distance": 0.22,
        "pair_count": 3
      },
      {
        "country_a": "Cyprus",
        "country_b": "Spain",
        "distance": 0.14,
        "pair_count": 3
      },
      {
        "country_a": "Cyprus",
        "country_b": "Sweden",
        "distance": 0.263333,
        "pair_count": 3
      },
      {
        "country_a": "Czechia",
        "country_b": "Estonia",
        "distance": 0.1375,
        "pair_count": 4
      },
      {
        "country_a": "Czechia",
        "country_b": "Finland",
        "distance": 0.164,
        "pair_count": 5
      },
      {
        "country_a": "Czechia",
        "country_b": "France",
        "distance": 0.153333,
        "pair_count": 3
      },
      {
        "country_a": "Czechia",
        "country_b": "Germany",
        "distance": 0.23,
        "pair_count": 4
      },
      {
        "country_a": "Czechia",
        "country_b": "Hungary",
        "distance": 0.225,
        "pair_count": 2
      },
      {
        "country_a": "Czechia",
        "country_b": "Ireland",
        "distance": 0.27,
        "pair_count": 4
      },
      {
        "country_a": "Czechia",
        "country_b": "Italy",
        "distance": 0.226667,
        "pair_count": 3
      },
      {
        "country_a": "Czechia",
        "country_b": "Latvia",
        "distance": 0.256667,
        "pair_count": 3
      },
      {
        "country_a": "Czechia",
        "country_b": "Lithuania",
        "distance": 0.29,
        "pair_count": 2
      },
      {
        "country_a": "Czechia",
        "country_b": "Luxembourg",
        "distance": 0.3325,
        "pair_count": 4
      },
      {
        "country_a": "Czechia",
        "country_b": "Malta",
        "distance": 0.24,
        "pair_count": 4
      },
      {
        "country_a": "Czechia",
        "country_b": "Netherlands",
        "distance": 0.26,
        "pair_count": 4
      },
      {
        "country_a": "Czechia",
        "country_b": "Poland",
        "distance": 0.25,
        "pair_count": 4
      },
      {
        "country_a": "Czechia",
        "country_b": "Portugal",
        "distance": 0.073333,
        "pair_count": 3
      },
      {
        "country_a": "Czechia",
        "country_b": "Romania",
        "distance": 0.133333,
        "pair_count": 3
      },
      {
        "country_a": "Czechia",
        "country_b": "Slovakia",
        "distance": 0.1825,
        "pair_count": 4
      },
      {
        "country_a": "Czechia",
        "country_b": "Slovenia",
        "distance": 0.286,
        "pair_count": 5
      },
      {
        "country_a": "Czechia",
        "country_b": "Spain",
        "distance": 0.4175,
        "pair_count": 4
      },
      {
        "country_a": "Czechia",
        "country_b": "Sweden",
        "distance": 0.306667,
        "pair_count": 3
      },
      {
        "country_a": "Estonia",
        "country_b": "Finland",
        "distance": 0.136,
        "pair_count": 5
      },
      {
        "country_a": "Estonia",
        "country_b": "France",
        "distance": 0.25,
        "pair_count": 4
      },
      {
        "country_a": "Estonia",
        "country_b": "Germany",
        "distance": 0.174,
        "pair_count": 5
      },
      {
        "country_a": "Estonia",
        "country_b": "Hungary",
        "distance": 0.4,
        "pair_count": 3
      },
      {
        "country_a": "Estonia",
        "country_b": "Ireland",
        "distance": 0.21,
        "pair_count": 4
      },
      {
        "country_a": "Estonia",
        "country_b": "Italy",
        "distance": 0.3825,
        "pair_count": 4
      },
      {
        "country_a": "Estonia",
        "country_b": "Latvia",
        "distance": 0.235,
        "pair_count": 2
      },
      {
        "country_a": "Estonia",
        "country_b": "Lithuania",
        "distance": 0.143333,
        "pair_count": 3
      },
      {
        "country_a": "Estonia",
        "country_b": "Luxembourg",
        "distance": 0.265,
        "pair_count": 4
      },
      {
        "country_a": "Estonia",
        "country_b": "Malta",
        "distance": 0.17,
        "pair_count": 3
      },
      {
        "country_a": "Estonia",
        "country_b": "Netherlands",
        "distance": 0.1675,
        "pair_count": 4
      },
      {
        "country_a": "Estonia",
        "country_b": "Poland",
        "distance": 0.2025,
        "pair_count": 4
      },
      {
        "country_a": "Estonia",
        "country_b": "Portugal",
        "distance": 0.1525,
        "pair_count": 4
      },
      {
        "country_a": "Estonia",
        "country_b": "Romania",
        "distance": 0.195,
        "pair_count": 4
      },
      {
        "country_a": "Estonia",
        "country_b": "Slovakia",
        "distance": 0.3225,
        "pair_count": 4
      },
      {
        "country_a": "Estonia",
        "country_b": "Slovenia",
        "distance": 0.31,
        "pair_count": 5
      },
      {
        "country_a": "Estonia",
        "country_b": "Spain",
        "distance": 0.245,
        "pair_count": 4
      },
      {
        "country_a": "Estonia",
        "country_b": "Sweden",
        "distance": 0.24,
        "pair_count": 3
      },
      {
        "country_a": "Finland",
        "country_b": "France",
        "distance": 0.165,
        "pair_count": 4
      },
      {
        "country_a": "Finland",
        "country_b": "Germany",
        "distance": 0.19,
        "pair_count": 5
      },
      {
        "country_a": "Finland",
        "country_b": "Hungary",
        "distance": 0.266667,
        "pair_count": 3
      },
      {
        "country_a": "Finland",
        "country_b": "Ireland",
        "distance": 0.192,
        "pair_count": 5
      },
      {
        "country_a": "Finland",
        "country_b": "Italy",
        "distance": 0.2625,
        "pair_count": 4
      },
      {
        "country_a": "Finland",
        "country_b": "Latvia",
        "distance": 0.106667,
        "pair_count": 3
      },
      {
        "country_a": "Finland",
        "country_b": "Lithuania",
        "distance": 0.103333,
        "pair_count": 3
      },
      {
        "country_a": "Finland",
        "country_b": "Luxembourg",
        "distance": 0.15,
        "pair_count": 5
      },
      {
        "country_a": "Finland",
        "country_b": "Malta",
        "distance": 0.135,
        "pair_count": 4
      },
      {
        "country_a": "Finland",
        "country_b": "Netherlands",
        "distance": 0.114,
        "pair_count": 5
      },
      {
        "country_a": "Finland",
        "country_b": "Poland",
        "distance": 0.1,
        "pair_count": 5
      },
      {
        "country_a": "Finland",
        "country_b": "Portugal",
        "distance": 0.1825,
        "pair_count": 4
      },
      {
        "country_a": "Finland",
        "country_b": "Romania",
        "distance": 0.24,
        "pair_count": 4
      },
      {
        "country_a": "Finland",
        "country_b": "Slovakia",
        "distance": 0.222,
        "pair_count": 5
      },
      {
        "country_a": "Finland",
        "country_b": "Slovenia",
        "distance": 0.231667,
        "pair_count": 6
      },
      {
        "country_a": "Finland",
        "country_b": "Spain",
        "distance": 0.374,
        "pair_count": 5
      },
      {
        "country_a": "Finland",
        "country_b": "Sweden",
        "distance": 0.2175,
        "pair_count": 4
      },
      {
        "country_a": "France",
