{
  "generated_at": "2025-11-15T16:37:49.291405+00:00",
  "parameters": {
    "outputs_dir": "outputs_combined",
    "min_pair_count": 3
  },
  "label": "Social, Health & Employment",
  "category": "topic",
  "min_pair_threshold": 3,
  "data": {
    "countries": [
      "Austria",
      "Belgium",
      "Bulgaria",
      "Croatia",
      "Cyprus",
      "Czechia",
      "Denmark",
      "Estonia",
      "Finland",
      "France",
      "Germany",
      "Greece",
      "Hungary",
      "Ireland",
      "Italy",
      "Latvia",
      "Lithuania",
      "Luxembourg",
      "Malta",
      "Netherlands",
      "Poland",
      "Portugal",
      "Romania",
      "Slovakia",
      "Slovenia",
      "Spain",
      "Sweden"
    ],
    "distance_matrix": [
      [
        0.0,
        0.119,
        0.147241,
        0.147586,
        0.122069,
        0.127931,
        0.215455,
        0.156667,
        0.13069,
        0.167419,
        0.149687,
        0.151,
        0.228333,
        0.129655,
        0.167419,
        0.118,
        0.12069,
        0.131034,
        0.129286,
        0.175667,
        0.062105,
        0.147742,
        0.113929,
        0.155517,
        0.15,
        0.17375,
        0.19
      ],
      [
        0.119,
        0.0,
        0.172174,
        0.144,
        0.121739,
        0.215652,
        0.148333,
        0.1984,
        0.134348,
        0.13,
        0.188462,
        0.110417,
        0.212143,
        0.1136,
        0.225,
        0.162609,
        0.137826,
        0.07913,
        0.128182,
        0.082963,
        0.096667,
        0.117826,
        0.112273,
        0.16381,
        0.1504,
        0.168333,
        0.19
      ],
      [
        0.147241,
        0.172174,
        0.0,
        0.11875,
        0.142121,
        0.169394,
        0.1632,
        0.185882,
        0.15625,
        0.171111,
        0.162973,
        0.132424,
        0.1828,
        0.157097,
        0.109706,
        0.158788,
        0.148667,
        0.175484,
        0.183125,
        0.200294,
        0.136364,
        0.105152,
        0.127586,
        0.103438,
        0.185294,
        0.201389,
        0.19375
      ],
      [
        0.147586,
        0.144,
        0.11875,
        0.0,
        0.080909,
        0.143125,
        0.076,
        0.106765,
        0.067273,
        0.086667,
        0.183333,
        0.065455,
        0.207143,
        0.073529,
        0.121471,
        0.098485,
        0.058065,
        0.107742,
        0.073548,
        0.108857,
        0.061818,
        0.067879,
        0.065161,
        0.07129,
        0.126,
        0.141429,
        0.135
      ],
      [
        0.122069,
        0.121739,
        0.142121,
        0.080909,
        0.0,
        0.16,
        0.096923,
        0.109118,
        0.074545,
        0.111842,
        0.16,
        0.076216,
        0.216522,
        0.084571,
        0.135263,
        0.095,
        0.078437,
        0.112647,
        0.095429,
        0.09,
        0.04381,
        0.078649,
        0.038276,
        0.093548,
        0.105405,
        0.125946,
        0.160278
      ],
      [
        0.127931,
        0.215652,
        0.169394,
        0.143125,
        0.16,
        0.0,
        0.188,
        0.170909,
        0.144118,
        0.169211,
        0.123889,
        0.151333,
        0.287273,
        0.174194,
        0.13,
        0.151562,
        0.158,
        0.198333,
        0.179697,
        0.193235,
        0.1255,
        0.172941,
        0.158387,
        0.134545,
        0.187714,
        0.212571,
        0.195312
      ],
      [
        0.215455,
        0.148333,
        0.1632,
        0.076,
        0.096923,
        0.188,
        0.0,
        0.146296,
        0.101429,
        0.123448,
        0.20931,
        0.1225,
        0.262941,
        0.1008,
        0.1448,
        0.1184,
        0.113333,
        0.131852,
        0.126296,
        0.1,
        0.129412,
        0.12037,
        0.109583,
        0.0975,
        0.181429,
        0.198571,
        0.10037
      ],
      [
        0.156667,
        0.1984,
        0.185882,
        0.106765,
        0.109118,
        0.170909,
        0.146296,
        0.0,
        0.094571,
        0.145366,
        0.158205,
        0.138571,
        0.26087,
        0.122571,
        0.183143,
        0.1125,
        0.085556,
        0.148611,
        0.107778,
        0.146667,
        0.0875,
        0.124571,
        0.113438,
        0.145667,
        0.11375,
        0.1555,
        0.157059
      ],
      [
        0.13069,
        0.134348,
        0.15625,
        0.067273,
        0.074545,
        0.144118,
        0.101429,
        0.094571,
        0.0,
        0.106923,
        0.142821,
        0.102857,
        0.234091,
        0.069063,
        0.138788,
        0.08,
        0.063226,
        0.113437,
        0.078485,
        0.096486,
        0.069545,
        0.088571,
        0.080625,
        0.080323,
        0.132973,
        0.165946,
        0.095625
      ],
      [
        0.167419,
        0.13,
        0.171111,
        0.086667,
        0.111842,
        0.169211,
        0.123448,
        0.145366,
        0.106923,
        0.0,
        0.179149,
        0.066585,
        0.299615,
        0.1,
        0.151628,
        0.148571,
        0.110278,
        0.084737,
        0.11,
        0.109024,
        0.104,
        0.08075,
        0.103939,
        0.086471,
        0.130465,
        0.10587,
        0.144615
      ],
      [
        0.149687,
        0.188462,
        0.162973,
        0.183333,
        0.16,
        0.123889,
        0.20931,
        0.158205,
        0.142821,
        0.179149,
        0.0,
        0.15,
        0.316923,
        0.196944,
        0.151951,
        0.168286,
        0.135429,
        0.197838,
        0.170811,
        0.184318,
        0.147143,
        0.160256,
        0.163437,
        0.146389,
        0.144762,
        0.181304,
        0.229737
      ],
      [
        0.151,
        0.110417,
        0.132424,
        0.065455,
        0.076216,
        0.151333,
        0.1225,
        0.138571,
        0.102857,
        0.066585,
        0.15,
        0.0,
        0.228696,
        0.075152,
        0.11027,
        0.125938,
        0.080303,
        0.081143,
        0.105455,
        0.098378,
        0.081739,
        0.066944,
        0.082759,
        0.067097,
        0.123158,
        0.125,
        0.164444
      ],
      [
        0.228333,
        0.212143,
        0.1828,
        0.207143,
        0.216522,
        0.287273,
        0.262941,
        0.26087,
        0.234091,
        0.299615,
        0.316923,
        0.228696,
        0.0,
        0.210952,
        0.23913,
        0.240476,
        0.217143,
        0.21381,
        0.264091,
        0.295455,
        0.231538,
        0.219048,
        0.239,
        0.179048,
        0.267391,
        0.340714,
        0.2048
      ],
      [
        0.129655,
        0.1136,
        0.157097,
        0.073529,
        0.084571,
        0.174194,
        0.1008,
        0.122571,
        0.069063,
        0.1,
        0.196944,
        0.075152,
        0.210952,
        0.0,
        0.16303,
        0.089394,
        0.065152,
        0.087059,
        0.044412,
        0.081081,
        0.051818,
        0.085714,
        0.080667,
        0.091667,
        0.11027,
        0.146316,
        0.127778
      ],
      [
        0.167419,
        0.225,
        0.109706,
        0.121471,
        0.135263,
        0.13,
        0.1448,
        0.183143,
        0.138788,
        0.151628,
        0.151951,
        0.11027,
        0.23913,
        0.16303,
        0.0,
        0.134375,
        0.136667,
        0.177647,
        0.164848,
        0.215135,
        0.147917,
        0.138571,
        0.134333,
        0.104706,
        0.185405,
        0.196,
        0.189143
      ],
      [
        0.118,
        0.162609,
        0.158788,
        0.098485,
        0.095,
        0.151562,
        0.1184,
        0.1125,
        0.08,
        0.148571,
        0.168286,
        0.125938,
        0.240476,
        0.089394,
        0.134375,
        0.0,
        0.085758,
        0.126364,
        0.085,
        0.128286,
        0.086364,
        0.129706,
        0.083871,
        0.116333,
        0.157647,
        0.1875,
        0.148065
      ],
      [
        0.12069,
        0.137826,
        0.148667,
        0.058065,
        0.078437,
        0.158,
        0.113333,
        0.085556,
        0.063226,
        0.110278,
        0.135429,
        0.080303,
        0.217143,
        0.065152,
        0.136667,
        0.085758,
        0.0,
        0.099062,
        0.068438,
        0.088485,
        0.068261,
        0.079375,
        0.065806,
        0.091429,
        0.111714,
        0.133143,
        0.126364
      ],
      [
        0.131034,
        0.07913,
        0.175484,
        0.107742,
        0.112647,
        0.198333,
        0.131852,
        0.148611,
        0.113437,
        0.084737,
        0.197838,
        0.081143,
        0.21381,
        0.087059,
        0.177647,
        0.126364,
        0.099062,
        0.0,
        0.092424,
        0.101316,
        0.0744,
        0.092778,
        0.114138,
        0.102759,
        0.136667,
        0.143077,
        0.167714
      ],
      [
        0.129286,
        0.128182,
        0.183125,
        0.073548,
        0.095429,
        0.179697,
        0.126296,
        0.107778,
        0.078485,
        0.11,
        0.170811,
        0.105455,
        0.264091,
        0.044412,
        0.164848,
        0.085,
        0.068438,
        0.092424,
        0.0,
        0.093611,
        0.071,
        0.098108,
        0.080323,
        0.117667,
        0.1255,
        0.152564,
        0.133939
      ],
      [
        0.175667,
        0.082963,
        0.200294,
        0.108857,
        0.09,
        0.193235,
        0.1,
        0.146667,
        0.096486,
        0.109024,
        0.184318,
        0.098378,
        0.295455,
        0.081081,
        0.215135,
        0.128286,
        0.088485,
        0.101316,
        0.093611,
        0.0,
        0.085417,
        0.104211,
        0.093871,
        0.121212,
        0.116154,
        0.13725,
        0.156111
      ],
      [
        0.062105,
        0.096667,
        0.136364,
        0.061818,
        0.04381,
        0.1255,
        0.129412,
        0.0875,
        0.069545,
        0.104,
        0.147143,
        0.081739,
        0.231538,
        0.051818,
        0.147917,
        0.086364,
        0.068261,
        0.0744,
        0.071,
        0.085417,
        0.0,
        0.053182,
        0.048571,
        0.07,
        0.06,
        0.0744,
        0.183636
      ],
      [
        0.147742,
        0.117826,
        0.105152,
        0.067879,
        0.078649,
        0.172941,
        0.12037,
        0.124571,
        0.088571,
        0.08075,
        0.160256,
        0.066944,
        0.219048,
        0.085714,
        0.138571,
        0.129706,
        0.079375,
        0.092778,
        0.098108,
        0.104211,
        0.053182,
        0.0,
        0.062258,
        0.086471,
        0.0985,
        0.089048,
        0.162432
      ],
      [
        0.113929,
        0.112273,
        0.127586,
        0.065161,
        0.038276,
        0.158387,
        0.109583,
        0.113438,
        0.080625,
        0.103939,
        0.163437,
        0.082759,
        0.239,
        0.080667,
        0.134333,
        0.083871,
        0.065806,
        0.114138,
        0.080323,
        0.093871,
        0.048571,
        0.062258,
        0.0,
        0.084138,
        0.115312,
        0.133636,
        0.14931
      ],
      [
        0.155517,
        0.16381,
        0.103438,
        0.07129,
        0.093548,
        0.134545,
        0.0975,
        0.145667,
        0.080323,
        0.086471,
        0.146389,
        0.067097,
        0.179048,
        0.091667,
        0.104706,
        0.116333,
        0.091429,
        0.102759,
        0.117667,
        0.121212,
        0.07,
        0.086471,
        0.084138,
        0.0,
        0.13,
        0.152059,
        0.174375
      ],
      [
        0.15,
        0.1504,
        0.185294,
        0.126,
        0.105405,
        0.187714,
        0.181429,
        0.11375,
        0.132973,
        0.130465,
        0.144762,
        0.123158,
        0.267391,
        0.11027,
        0.185405,
        0.157647,
        0.111714,
        0.136667,
        0.1255,
        0.116154,
        0.06,
        0.0985,
        0.115312,
        0.13,
        0.0,
        0.092444,
        0.226053
      ],
      [
        0.17375,
        0.168333,
        0.201389,
        0.141429,
        0.125946,
        0.212571,
        0.198571,
        0.1555,
        0.165946,
        0.10587,
        0.181304,
        0.125,
        0.340714,
        0.146316,
        0.196,
        0.1875,
        0.133143,
        0.143077,
        0.152564,
        0.13725,
        0.0744,
        0.089048,
        0.133636,
        0.152059,
        0.092444,
        0.0,
        0.252895
      ],
      [
        0.19,
        0.19,
        0.19375,
        0.135,
        0.160278,
        0.195312,
        0.10037,
        0.157059,
        0.095625,
        0.144615,
        0.229737,
        0.164444,
        0.2048,
        0.127778,
        0.189143,
        0.148065,
        0.126364,
        0.167714,
        0.133939,
        0.156111,
        0.183636,
        0.162432,
        0.14931,
        0.174375,
        0.226053,
        0.252895,
        0.0
      ]
    ],
    "pair_count_matrix": [
      [
        0,
        20,
        29,
        29,
        29,
        29,
        22,
        30,
        29,
        31,
        32,
        30,
        18,
        29,
        31,
        30,
        29,
        29,
        28,
        30,
        19,
        31,
        28,
        29,
        31,
        32,
        30
      ],
      [
        20,
        0,
        23,
        25,
        23,
        23,
        18,
        25,
        23,
        28,
        26,
        24,
        14,
        25,
        24,
        23,
        23,
        23,
        22,
        27,
        12,
        23,
        22,
        21,
        25,
        24,
        26
      ],
      [
        29,
        23,
        0,
        32,
        33,
        33,
        25,
        34,
        32,
        36,
        37,
        33,
        25,
        31,
        34,
        33,
        30,
        31,
        32,
        34,
        22,
        33,
        29,
        32,
        34,
        36,
        32
      ],
      [
        29,
        25,
        32,
        0,
        33,
        32,
        25,
        34,
        33,
        36,
        36,
        33,
        21,
        34,
        34,
        33,
        31,
        31,
        31,
        35,
        22,
        33,
        31,
        31,
        35,
        35,
        32
      ],
      [
        29,
        23,
        33,
        33,
        0,
        32,
        26,
        34,
        33,
        38,
        37,
        37,
        23,
        35,
        38,
        32,
        32,
        34,
        35,
        36,
        21,
        37,
        29,
        31,
        37,
        37,
        36
      ],
      [
        29,
        23,
        33,
        32,
        32,
        0,
        25,
        33,
        34,
        38,
        36,
        30,
        22,
        31,
        34,
        32,
        30,
        30,
        33,
        34,
        20,
        34,
        31,
        33,
        35,
        35,
        32
      ],
      [
        22,
        18,
        25,
        25,
        26,
        25,
        0,
        27,
        28,
        29,
        29,
        28,
        17,
        25,
        25,
        25,
        24,
        27,
        27,
        28,
        17,
        27,
        24,
        24,
        28,
        28,
        27
      ],
      [
        30,
        25,
        34,
        34,
        34,
        33,
        27,
        0,
        35,
        41,
        39,
        35,
        23,
        35,
        35,
        36,
        36,
        36,
        36,
        39,
        24,
        35,
        32,
        30,
        40,
        40,
        34
      ],
      [
        29,
        23,
        32,
        33,
        33,
        34,
        28,
        35,
        0,
        39,
        39,
        35,
        22,
        32,
        33,
        33,
        31,
        32,
        33,
        37,
        22,
        35,
        32,
        31,
        37,
        37,
        32
      ],
      [
        31,
        28,
        36,
        36,
        38,
        38,
        29,
        41,
        39,
        0,
        47,
        41,
        26,
        36,
        43,
        35,
        36,
        38,
        39,
        41,
        25,
        40,
        33,
        34,
        43,
        46,
        39
      ],
      [
        32,
        26,
        37,
        36,
        37,
        36,
        29,
        39,
        39,
        47,
        0,
        38,
        26,
        36,
        41,
        35,
        35,
        37,
        37,
        44,
        28,
        39,
        32,
        36,
        42,
        46,
        38
      ],
      [
        30,
        24,
        33,
        33,
        37,
        30,
        28,
        35,
        35,
        41,
        38,
        0,
        23,
        33,
        37,
        32,
        33,
        35,
        33,
        37,
        23,
        36,
        29,
        31,
        38,
        38,
        36
      ],
      [
        18,
        14,
        25,
        21,
        23,
        22,
        17,
        23,
        22,
        26,
        26,
        23,
        0,
        21,
        23,
        21,
        21,
        21,
        22,
        22,
        13,
        21,
        20,
        21,
        23,
        28,
        25
      ],
      [
        29,
        25,
        31,
        34,
        35,
        31,
        25,
        35,
        32,
        36,
        36,
        33,
        21,
        0,
        33,
        33,
        33,
        34,
        34,
        37,
        22,
        35,
        30,
        30,
        37,
        38,
        36
      ],
      [
        31,
        24,
        34,
        34,
        38,
        34,
        25,
        35,
        33,
        43,
        41,
        37,
        23,
        33,
        0,
        32,
        33,
        34,
        33,
        37,
        24,
        35,
        30,
        34,
        37,
        40,
        35
      ],
      [
        30,
        23,
        33,
        33,
        32,
        32,
        25,
        36,
        33,
        35,
        35,
        32,
        21,
        33,
        32,
        0,
        33,
        33,
        32,
        35,
        22,
        34,
        31,
        30,
        34,
        36,
        31
      ],
      [
        29,
        23,
        30,
        31,
        32,
        30,
        24,
        36,
        31,
        36,
        35,
        33,
        21,
        33,
        33,
        33,
        0,
        32,
        32,
        33,
        23,
        32,
        31,
        28,
        35,
        35,
        33
      ],
      [
        29,
        23,
        31,
        31,
        34,
        30,
        27,
        36,
        32,
        38,
        37,
        35,
        21,
        34,
        34,
        33,
        32,
        0,
        33,
        38,
        25,
        36,
        29,
        29,
        36,
        39,
        35
      ],
      [
        28,
        22,
        32,
        31,
        35,
        33,
        27,
        36,
        33,
        39,
        37,
        33,
        22,
        34,
        33,
        32,
        32,
        33,
        0,
        36,
        20,
        37,
        31,
        30,
        40,
        39,
        33
      ],
      [
        30,
        27,
        34,
        35,
        36,
        34,
        28,
        39,
        37,
        41,
        44,
        37,
        22,
        37,
        37,
        35,
        33,
        38,
        36,
        0,
        24,
        38,
        31,
        33,
        39,
        40,
        36
      ],
      [
        19,
        12,
        22,
        22,
        21,
        20,
        17,
        24,
        22,
        25,
        28,
        23,
        13,
        22,
        24,
        22,
        23,
        25,
        20,
        24,
        0,
        22,
        21,
        19,
        23,
        25,
        22
      ],
      [
        31,
        23,
        33,
        33,
        37,
        34,
        27,
        35,
        35,
        40,
        39,
        36,
        21,
        35,
        35,
        34,
        32,
        36,
        37,
        38,
        22,
        0,
        31,
        34,
        40,
        42,
        37
      ],
      [
        28,
        22,
        29,
        31,
        29,
        31,
        24,
        32,
        32,
        33,
        32,
        29,
        20,
        30,
        30,
        31,
        31,
        29,
        31,
        31,
        21,
        31,
        0,
        29,
        32,
        33,
        29
      ],
      [
        29,
        21,
        32,
        31,
        31,
        33,
        24,
        30,
        31,
        34,
        36,
        31,
        21,
        30,
        34,
        30,
        28,
        29,
        30,
        33,
        19,
        34,
        29,
        0,
        34,
        34,
        32
      ],
      [
        31,
        25,
        34,
        35,
        37,
        35,
        28,
        40,
        37,
        43,
        42,
        38,
        23,
        37,
        37,
        34,
        35,
        36,
        40,
        39,
        23,
        40,
        32,
        34,
        0,
        45,
        38
      ],
      [
        32,
        24,
        36,
        35,
        37,
        35,
        28,
        40,
        37,
        46,
        46,
        38,
        28,
        38,
        40,
        36,
        35,
        39,
        39,
        40,
        25,
        42,
        33,
        34,
        45,
        0,
        38
      ],
      [
        30,
        26,
        32,
        32,
        36,
        32,
        27,
        34,
        32,
        39,
        38,
        36,
        25,
        36,
        35,
        31,
        33,
        35,
        33,
        36,
        22,
        37,
        29,
        32,
        38,
        38,
        0
      ]
    ],
    "pair_records": [
      {
        "country_a": "Austria",
        "country_b": "Belgium",
        "distance": 0.119,
        "pair_count": 20
      },
      {
        "country_a": "Austria",
        "country_b": "Bulgaria",
        "distance": 0.147241,
        "pair_count": 29
      },
      {
        "country_a": "Austria",
        "country_b": "Croatia",
        "distance": 0.147586,
        "pair_count": 29
      },
      {
        "country_a": "Austria",
        "country_b": "Cyprus",
        "distance": 0.122069,
        "pair_count": 29
      },
      {
        "country_a": "Austria",
        "country_b": "Czechia",
        "distance": 0.127931,
        "pair_count": 29
      },
      {
        "country_a": "Austria",
        "country_b": "Denmark",
        "distance": 0.215455,
        "pair_count": 22
      },
      {
        "country_a": "Austria",
        "country_b": "Estonia",
        "distance": 0.156667,
        "pair_count": 30
      },
      {
        "country_a": "Austria",
        "country_b": "Finland",
        "distance": 0.13069,
        "pair_count": 29
      },
      {
        "country_a": "Austria",
        "country_b": "France",
        "distance": 0.167419,
        "pair_count": 31
      },
      {
        "country_a": "Austria",
        "country_b": "Germany",
        "distance": 0.149687,
        "pair_count": 32
      },
      {
        "country_a": "Austria",
        "country_b": "Greece",
        "distance": 0.151,
        "pair_count": 30
      },
      {
        "country_a": "Austria",
        "country_b": "Hungary",
        "distance": 0.228333,
        "pair_count": 18
      },
      {
        "country_a": "Austria",
        "country_b": "Ireland",
        "distance": 0.129655,
        "pair_count": 29
      },
      {
        "country_a": "Austria",
        "country_b": "Italy",
        "distance": 0.167419,
        "pair_count": 31
      },
      {
        "country_a": "Austria",
        "country_b": "Latvia",
        "distance": 0.118,
        "pair_count": 30
      },
      {
        "country_a": "Austria",
        "country_b": "Lithuania",
        "distance": 0.12069,
        "pair_count": 29
      },
      {
        "country_a": "Austria",
        "country_b": "Luxembourg",
        "distance": 0.131034,
        "pair_count": 29
      },
      {
        "country_a": "Austria",
        "country_b": "Malta",
        "distance": 0.129286,
        "pair_count": 28
      },
      {
        "country_a": "Austria",
        "country_b": "Netherlands",
        "distance": 0.175667,
        "pair_count": 30
      },
      {
        "country_a": "Austria",
        "country_b": "Poland",
        "distance": 0.062105,
        "pair_count": 19
      },
      {
        "country_a": "Austria",
        "country_b": "Portugal",
        "distance": 0.147742,
        "pair_count": 31
      },
      {
        "country_a": "Austria",
        "country_b": "Romania",
        "distance": 0.113929,
        "pair_count": 28
      },
      {
        "country_a": "Austria",
        "country_b": "Slovakia",
        "distance": 0.155517,
        "pair_count": 29
      },
      {
        "country_a": "Austria",
        "country_b": "Slovenia",
        "distance": 0.15,
        "pair_count": 31
      },
      {
        "country_a": "Austria",
        "country_b": "Spain",
        "distance": 0.17375,
        "pair_count": 32
      },
      {
        "country_a": "Austria",
        "country_b": "Sweden",
        "distance": 0.19,
        "pair_count": 30
      },
      {
        "country_a": "Belgium",
        "country_b": "Bulgaria",
        "distance": 0.172174,
        "pair_count": 23
      },
      {
        "country_a": "Belgium",
        "country_b": "Croatia",
        "distance": 0.144,
        "pair_count": 25
      },
      {
        "country_a": "Belgium",
        "country_b": "Cyprus",
        "distance": 0.121739,
        "pair_count": 23
      },
      {
        "country_a": "Belgium",
        "country_b": "Czechia",
        "distance": 0.215652,
        "pair_count": 23
      },
      {
        "country_a": "Belgium",
        "country_b": "Denmark",
        "distance": 0.148333,
        "pair_count": 18
      },
      {
        "country_a": "Belgium",
        "country_b": "Estonia",
        "distance": 0.1984,
        "pair_count": 25
      },
      {
        "country_a": "Belgium",
        "country_b": "Finland",
        "distance": 0.134348,
        "pair_count": 23
      },
      {
        "country_a": "Belgium",
        "country_b": "France",
        "distance": 0.13,
        "pair_count": 28
      },
      {
        "country_a": "Belgium",
        "country_b": "Germany",
        "distance": 0.188462,
        "pair_count": 26
      },
      {
        "country_a": "Belgium",
        "country_b": "Greece",
        "distance": 0.110417,
        "pair_count": 24
      },
      {
        "country_a": "Belgium",
        "country_b": "Hungary",
        "distance": 0.212143,
        "pair_count": 14
      },
      {
        "country_a": "Belgium",
        "country_b": "Ireland",
        "distance": 0.1136,
        "pair_count": 25
      },
      {
        "country_a": "Belgium",
        "country_b": "Italy",
        "distance": 0.225,
        "pair_count": 24
      },
      {
        "country_a": "Belgium",
        "country_b": "Latvia",
        "distance": 0.162609,
        "pair_count": 23
      },
      {
        "country_a": "Belgium",
        "country_b": "Lithuania",
        "distance": 0.137826,
        "pair_count": 23
      },
      {
        "country_a": "Belgium",
        "country_b": "Luxembourg",
        "distance": 0.07913,
        "pair_count": 23
      },
      {
        "country_a": "Belgium",
        "country_b": "Malta",
        "distance": 0.128182,
        "pair_count": 22
      },
      {
        "country_a": "Belgium",
        "country_b": "Netherlands",
        "distance": 0.082963,
        "pair_count": 27
      },
      {
        "country_a": "Belgium",
        "country_b": "Poland",
        "distance": 0.096667,
        "pair_count": 12
      },
      {
        "country_a": "Belgium",
        "country_b": "Portugal",
        "distance": 0.117826,
        "pair_count": 23
      },
      {
        "country_a": "Belgium",
        "country_b": "Romania",
        "distance": 0.112273,
        "pair_count": 22
      },
      {
        "country_a": "Belgium",
        "country_b": "Slovakia",
        "distance": 0.16381,
        "pair_count": 21
      },
      {
        "country_a": "Belgium",
        "country_b": "Slovenia",
        "distance": 0.1504,
        "pair_count": 25
      },
      {
        "country_a": "Belgium",
        "country_b": "Spain",
        "distance": 0.168333,
        "pair_count": 24
      },
      {
        "country_a": "Belgium",
        "country_b": "Sweden",
        "distance": 0.19,
        "pair_count": 26
      },
      {
        "country_a": "Bulgaria",
        "country_b": "Croatia",
        "distance": 0.11875,
        "pair_count": 32
      },
      {
        "country_a": "Bulgaria",
        "country_b": "Cyprus",
        "distance": 0.142121,
        "pair_count": 33
      },
      {
        "country_a": "Bulgaria",
        "country_b": "Czechia",
        "distance": 0.169394,
        "pair_count": 33
      },
      {
        "country_a": "Bulgaria",
        "country_b": "Denmark",
        "distance": 0.1632,
        "pair_count": 25
      },
      {
        "country_a": "Bulgaria",
        "country_b": "Estonia",
        "distance": 0.185882,
        "pair_count": 34
      },
      {
        "country_a": "Bulgaria",
        "country_b": "Finland",
        "distance": 0.15625,
        "pair_count": 32
      },
      {
        "country_a": "Bulgaria",
        "country_b": "France",
        "distance": 0.171111,
        "pair_count": 36
      },
      {
        "country_a": "Bulgaria",
        "country_b": "Germany",
        "distance": 0.162973,
        "pair_count": 37
      },
      {
        "country_a": "Bulgaria",
        "country_b": "Greece",
        "distance": 0.132424,
        "pair_count": 33
      },
      {
        "country_a": "Bulgaria",
        "country_b": "Hungary",
        "distance": 0.1828,
        "pair_count": 25
      },
      {
        "country_a": "Bulgaria",
        "country_b": "Ireland",
        "distance": 0.157097,
        "pair_count": 31
      },
      {
        "country_a": "Bulgaria",
        "country_b": "Italy",
        "distance": 0.109706,
        "pair_count": 34
      },
      {
        "country_a": "Bulgaria",
        "country_b": "Latvia",
        "distance": 0.158788,
        "pair_count": 33
      },
      {
        "country_a": "Bulgaria",
        "country_b": "Lithuania",
        "distance": 0.148667,
        "pair_count": 30
      },
      {
        "country_a": "Bulgaria",
        "country_b": "Luxembourg",
        "distance": 0.175484,
        "pair_count": 31
      },
      {
        "country_a": "Bulgaria",
        "country_b": "Malta",
        "distance": 0.183125,
        "pair_count": 32
      },
      {
        "country_a": "Bulgaria",
        "country_b": "Netherlands",
        "distance": 0.200294,
        "pair_count": 34
      },
      {
        "country_a": "Bulgaria",
        "country_b": "Poland",
        "distance": 0.136364,
        "pair_count": 22
      },
      {
        "country_a": "Bulgaria",
        "country_b": "Portugal",
        "distance": 0.105152,
        "pair_count": 33
      },
      {
        "country_a": "Bulgaria",
        "country_b": "Romania",
        "distance": 0.127586,
        "pair_count": 29
      },
      {
        "country_a": "Bulgaria",
        "country_b": "Slovakia",
        "distance": 0.103438,
        "pair_count": 32
      },
      {
        "country_a": "Bulgaria",
        "country_b": "Slovenia",
        "distance": 0.185294,
        "pair_count": 34
      },
      {
        "country_a": "Bulgaria",
        "country_b": "Spain",
        "distance": 0.201389,
        "pair_count": 36
      },
      {
        "country_a": "Bulgaria",
        "country_b": "Sweden",
        "distance": 0.19375,
        "pair_count": 32
      },
      {
        "country_a": "Croatia",
        "country_b": "Cyprus",
        "distance": 0.080909,
        "pair_count": 33
      },
      {
        "country_a": "Croatia",
        "country_b": "Czechia",
        "distance": 0.143125,
        "pair_count": 32
      },
      {
        "country_a": "Croatia",
        "country_b": "Denmark",
        "distance": 0.076,
        "pair_count": 25
      },
      {
        "country_a": "Croatia",
        "country_b": "Estonia",
        "distance": 0.106765,
        "pair_count": 34
      },
      {
        "country_a": "Croatia",
        "country_b": "Finland",
        "distance": 0.067273,
        "pair_count": 33
      },
      {
        "country_a": "Croatia",
        "country_b": "France",
        "distance": 0.086667,
        "pair_count": 36
      },
      {
        "country_a": "Croatia",
        "country_b": "Germany",
        "distance": 0.183333,
        "pair_count": 36
      },
      {
        "country_a": "Croatia",
        "country_b": "Greece",
        "distance": 0.065455,
        "pair_count": 33
      },
      {
        "country_a": "Croatia",
        "country_b": "Hungary",
        "distance": 0.207143,
        "pair_count": 21
      },
      {
        "country_a": "Croatia",
        "country_b": "Ireland",
        "distance": 0.073529,
        "pair_count": 34
      },
      {
        "country_a": "Croatia",
        "country_b": "Italy",
        "distance": 0.121471,
        "pair_count": 34
      },
      {
        "country_a": "Croatia",
        "country_b": "Latvia",
        "distance": 0.098485,
        "pair_count": 33
      },
      {
        "country_a": "Croatia",
        "country_b": "Lithuania",
        "distance": 0.058065,
        "pair_count": 31
      },
      {
        "country_a": "Croatia",
        "country_b": "Luxembourg",
        "distance": 0.107742,
        "pair_count": 31
      },
      {
        "country_a": "Croatia",
        "country_b": "Malta",
        "distance": 0.073548,
        "pair_count": 31
      },
      {
        "country_a": "Croatia",
        "country_b": "Netherlands",
        "distance": 0.108857,
        "pair_count": 35
      },
      {
        "country_a": "Croatia",
        "country_b": "Poland",
        "distance": 0.061818,
        "pair_count": 22
      },
      {
        "country_a": "Croatia",
        "country_b": "Portugal",
        "distance": 0.067879,
        "pair_count": 33
      },
      {
        "country_a": "Croatia",
        "country_b": "Romania",
        "distance": 0.065161,
        "pair_count": 31
      },
      {
        "country_a": "Croatia",
        "country_b": "Slovakia",
        "distance": 0.07129,
        "pair_count": 31
      },
      {
        "country_a": "Croatia",
        "country_b": "Slovenia",
        "distance": 0.126,
        "pair_count": 35
      },
      {
        "country_a": "Croatia",
        "country_b": "Spain",
        "distance": 0.141429,
        "pair_count": 35
      },
      {
        "country_a": "Croatia",
        "country_b": "Sweden",
        "distance": 0.135,
        "pair_count": 32
      },
      {
        "country_a": "Cyprus",
        "country_b": "Czechia",
        "distance": 0.16,
        "pair_count": 32
      },
      {
        "country_a": "Cyprus",
        "country_b": "Denmark",
        "distance": 0.096923,
        "pair_count": 26
      },
      {
        "country_a": "Cyprus",
        "country_b": "Estonia",
        "distance": 0.109118,
        "pair_count": 34
      },
      {
        "country_a": "Cyprus",
        "country_b": "Finland",
        "distance": 0.074545,
        "pair_count": 33
      },
      {
        "country_a": "Cyprus",
        "country_b": "France",
        "distance": 0.111842,
        "pair_count": 38
      },
      {
        "country_a": "Cyprus",
        "country_b": "Germany",
        "distance": 0.16,
        "pair_count": 37
      },
      {
        "country_a": "Cyprus",
        "country_b": "Greece",
        "distance": 0.076216,
        "pair_count": 37
      },
      {
        "country_a": "Cyprus",
        "country_b": "Hungary",
        "distance": 0.216522,
        "pair_count": 23
      },
      {
        "country_a": "Cyprus",
        "country_b": "Ireland",
        "distance": 0.084571,
        "pair_count": 35
      },
      {
        "country_a": "Cyprus",
        "country_b": "Italy",
        "distance": 0.135263,
        "pair_count": 38
      },
      {
        "country_a": "Cyprus",
        "country_b": "Latvia",
        "distance": 0.095,
        "pair_count": 32
      },
      {
        "country_a": "Cyprus",
        "country_b": "Lithuania",
        "distance": 0.078437,
        "pair_count": 32
      },
      {
        "country_a": "Cyprus",
        "country_b": "Luxembourg",
        "distance": 0.112647,
        "pair_count": 34
      },
      {
        "country_a": "Cyprus",
        "country_b": "Malta",
        "distance": 0.095429,
        "pair_count": 35
      },
      {
        "country_a": "Cyprus",
        "country_b": "Netherlands",
        "distance": 0.09,
        "pair_count": 36
      },
      {
        "country_a": "Cyprus",
        "country_b": "Poland",
        "distance": 0.04381,
        "pair_count": 21
      },
      {
        "country_a": "Cyprus",
        "country_b": "Portugal",
        "distance": 0.078649,
        "pair_count": 37
      },
      {
        "country_a": "Cyprus",
        "country_b": "Romania",
        "distance": 0.038276,
        "pair_count": 29
      },
      {
        "country_a": "Cyprus",
        "country_b": "Slovakia",
        "distance": 0.093548,
        "pair_count": 31
      },
      {
        "country_a": "Cyprus",
        "country_b": "Slovenia",
        "distance": 0.105405,
        "pair_count": 37
      },
      {
        "country_a": "Cyprus",
        "country_b": "Spain",
        "distance": 0.125946,
        "pair_count": 37
      },
      {
        "country_a": "Cyprus",
        "country_b": "Sweden",
        "distance": 0.160278,
        "pair_count": 36
      },
      {
        "country_a": "Czechia",
        "country_b": "Denmark",
        "distance": 0.188,
        "pair_count": 25
      },
      {
        "country_a": "Czechia",
        "country_b": "Estonia",
        "distance": 0.170909,
        "pair_count": 33
      },
      {
        "country_a": "Czechia",
        "country_b": "Finland",
        "distance": 0.144118,
        "pair_count": 34
      },
      {
        "country_a": "Czechia",
        "country_b": "France",
        "distance": 0.169211,
        "pair_count": 38
      },
      {
        "country_a": "Czechia",
        "country_b": "Germany",
        "distance": 0.123889,
        "pair_count": 36
      },
      {
        "country_a": "Czechia",
