{
  "generated_at": "2025-11-15T16:37:49.291405+00:00",
  "parameters": {
    "outputs_dir": "outputs_combined",
    "min_pair_count": 3
  },
  "label": "Trade & Industrial Policy",
  "category": "topic",
  "min_pair_threshold": 3,
  "data": {
    "countries": [
      "Austria",
      "Belgium",
      "Bulgaria",
      "Croatia",
      "Cyprus",
      "Czechia",
      "Denmark",
      "Estonia",
      "Finland",
      "France",
      "Germany",
      "Greece",
      "Hungary",
      "Ireland",
      "Italy",
      "Latvia",
      "Lithuania",
      "Luxembourg",
      "Malta",
      "Netherlands",
      "Poland",
      "Portugal",
      "Romania",
      "Slovakia",
      "Slovenia",
      "Spain",
      "Sweden"
    ],
    "distance_matrix": [
      [
        0.0,
        0.136667,
        0.112222,
        0.104444,
        0.134286,
        0.124,
        0.231429,
        0.146,
        0.117778,
        0.205,
        0.172143,
        0.171818,
        0.274286,
        0.205714,
        0.164167,
        0.145,
        0.11,
        0.12375,
        0.127143,
        0.173,
        0.172222,
        0.12,
        0.17,
        0.171111,
        0.121429,
        0.253636,
        0.26
      ],
      [
        0.136667,
        0.0,
        0.175556,
        0.13,
        0.167143,
        0.227,
        0.156667,
        0.128,
        0.13,
        0.132308,
        0.163125,
        0.086667,
        0.19,
        0.065556,
        0.262,
        0.07375,
        0.121429,
        0.07125,
        0.087143,
        0.133077,
        0.241429,
        0.05625,
        0.165833,
        0.188182,
        0.112857,
        0.124167,
        0.155455
      ],
      [
        0.112222,
        0.175556,
        0.0,
        0.111,
        0.07,
        0.112,
        0.2825,
        0.305455,
        0.232222,
        0.18,
        0.267857,
        0.171111,
        0.126,
        0.2475,
        0.113333,
        0.175,
        0.3575,
        0.078333,
        0.085714,
        0.245556,
        0.128889,
        0.098571,
        0.063571,
        0.061538,
        0.091667,
        0.209091,
        0.358182
      ],
      [
        0.104444,
        0.13,
        0.111,
        0.0,
        0.05625,
        0.119167,
        0.212222,
        0.148,
        0.133,
        0.125,
        0.14,
        0.076364,
        0.195,
        0.152,
        0.126667,
        0.088889,
        0.163333,
        0.041111,
        0.112222,
        0.139167,
        0.1425,
        0.094286,
        0.081667,
        0.093636,
        0.051429,
        0.105,
        0.256
      ],
      [
        0.134286,
        0.167143,
        0.07,
        0.05625,
        0.0,
        0.12125,
        0.209,
        0.1125,
        0.143333,
        0.1325,
        0.138,
        0.096364,
        0.158,
        0.195,
        0.092727,
        0.085,
        0.153333,
        0.055,
        0.078889,
        0.225,
        0.181429,
        0.07,
        0.079091,
        0.06375,
        0.058,
        0.139091,
        0.255
      ],
      [
        0.124,
        0.227,
        0.112,
        0.119167,
        0.12125,
        0.0,
        0.282222,
        0.158,
        0.086667,
        0.28,
        0.234444,
        0.2,
        0.273333,
        0.210833,
        0.115385,
        0.111111,
        0.1325,
        0.081111,
        0.142222,
        0.167692,
        0.143333,
        0.15,
        0.15125,
        0.125333,
        0.165,
        0.251429,
        0.285833
      ],
      [
        0.231429,
        0.156667,
        0.2825,
        0.212222,
        0.209,
        0.282222,
        0.0,
        0.168889,
        0.082308,
        0.155625,
        0.159286,
        0.226667,
        0.216,
        0.08,
        0.274444,
        0.13125,
        0.13375,
        0.11,
        0.21125,
        0.109231,
        0.335556,
        0.09,
        0.241667,
        0.225556,
        0.2425,
        0.113333,
        0.117273
      ],
      [
        0.146,
        0.128,
        0.305455,
        0.148,
        0.1125,
        0.158,
        0.168889,
        0.0,
        0.092308,
        0.1675,
        0.11,
        0.219167,
        0.405556,
        0.105,
        0.171818,
        0.053333,
        0.051667,
        0.1075,
        0.08125,
        0.17,
        0.424,
        0.082727,
        0.232143,
        0.290769,
        0.045,
        0.165385,
        0.1175
      ],
      [
        0.117778,
        0.13,
        0.232222,
        0.133,
        0.143333,
        0.086667,
        0.082308,
        0.092308,
        0.0,
        0.18625,
        0.109412,
        0.256154,
        0.40625,
        0.066364,
        0.125455,
        0.059091,
        0.111538,
        0.105,
        0.12,
        0.086667,
        0.270833,
        0.094615,
        0.228,
        0.223,
        0.074,
        0.13125,
        0.044286
      ],
      [
        0.205,
        0.132308,
        0.18,
        0.125,
        0.1325,
        0.28,
        0.155625,
        0.1675,
        0.18625,
        0.0,
        0.153913,
        0.126875,
        0.207,
        0.161818,
        0.15,
        0.13,
        0.2,
        0.125,
        0.118,
        0.13125,
        0.261333,
        0.099286,
        0.162857,
        0.168125,
        0.147778,
        0.105,
        0.24625
      ],
      [
        0.172143,
        0.163125,
        0.267857,
        0.14,
        0.138,
        0.234444,
        0.159286,
        0.11,
        0.109412,
        0.153913,
        0.0,
        0.168889,
        0.33,
        0.156923,
        0.184211,
        0.089167,
        0.126923,
        0.154545,
        0.108,
        0.1855,
        0.364375,
        0.085,
        0.205909,
        0.254211,
        0.162,
        0.1235,
        0.181176
      ],
      [
        0.171818,
        0.086667,
        0.171111,
        0.076364,
        0.096364,
        0.2,
        0.226667,
        0.219167,
        0.256154,
        0.126875,
        0.168889,
        0.0,
        0.24625,
        0.201,
        0.131429,
        0.14,
        0.289,
        0.079,
        0.13,
        0.119333,
        0.203077,
        0.11,
        0.119412,
        0.163636,
        0.12,
        0.116875,
        0.343636
      ],
      [
        0.274286,
        0.19,
        0.126,
        0.195,
        0.158,
        0.273333,
        0.216,
        0.405556,
        0.40625,
        0.207,
        0.33,
        0.24625,
        0.0,
        0.278333,
        0.223,
        0.25,
        0.495,
        0.168,
        0.166,
        0.252857,
        0.384286,
        0.155,
        0.123333,
        0.124545,
        0.106667,
        0.19,
        0.432222
      ],
      [
        0.205714,
        0.065556,
        0.2475,
        0.152,
        0.195,
        0.210833,
        0.08,
        0.105,
        0.066364,
        0.161818,
        0.156923,
        0.201,
        0.278333,
        0.0,
        0.26,
        0.096,
        0.114444,
        0.05,
        0.1625,
        0.1,
        0.27625,
        0.0675,
        0.2125,
        0.161818,
        0.141667,
        0.08,
        0.080909
      ],
      [
        0.164167,
        0.262,
        0.113333,
        0.126667,
        0.092727,
        0.115385,
        0.274444,
        0.171818,
        0.125455,
        0.15,
        0.184211,
        0.131429,
        0.223,
        0.26,
        0.0,
        0.117778,
        0.19625,
        0.075714,
        0.115556,
        0.191667,
        0.215455,
        0.086,
        0.099474,
        0.142857,
        0.118889,
        0.168421,
        0.285385
      ],
      [
        0.145,
        0.07375,
        0.175,
        0.088889,
        0.085,
        0.111111,
        0.13125,
        0.053333,
        0.059091,
        0.13,
        0.089167,
        0.14,
        0.25,
        0.096,
        0.117778,
        0.0,
        0.07,
        0.07,
        0.095,
        0.118,
        0.351667,
        0.075,
        0.157,
        0.155,
        0.061667,
        0.141667,
        0.094545
      ],
      [
        0.11,
        0.121429,
        0.3575,
        0.163333,
        0.153333,
        0.1325,
        0.13375,
        0.051667,
        0.111538,
        0.2,
        0.126923,
        0.289,
        0.495,
        0.114444,
        0.19625,
        0.07,
        0.0,
        0.116667,
        0.088333,
        0.193,
        0.48875,
        0.072222,
        0.291818,
        0.335,
        0.078,
        0.148182,
        0.119091
      ],
      [
        0.12375,
        0.07125,
        0.078333,
        0.041111,
        0.055,
        0.081111,
        0.11,
        0.1075,
        0.105,
        0.125,
        0.154545,
        0.079,
        0.168,
        0.05,
        0.075714,
        0.07,
        0.116667,
        0.0,
        0.128571,
        0.076364,
        0.184,
        0.105714,
        0.06625,
        0.054286,
        0.06,
        0.098571,
        0.096667
      ],
      [
        0.127143,
        0.087143,
        0.085714,
        0.112222,
        0.078889,
        0.142222,
        0.21125,
        0.08125,
        0.12,
        0.118,
        0.108,
        0.13,
        0.166,
        0.1625,
        0.115556,
        0.095,
        0.088333,
        0.128571,
        0.0,
        0.17,
        0.226,
        0.09375,
        0.094,
        0.105556,
        0.045,
        0.144,
        0.18625
      ],
      [
        0.173,
        0.133077,
        0.245556,
        0.139167,
        0.225,
        0.167692,
        0.109231,
        0.17,
        0.086667,
        0.13125,
        0.1855,
        0.119333,
        0.252857,
        0.1,
        0.191667,
        0.118,
        0.193,
        0.076364,
        0.17,
        0.0,
        0.229167,
        0.148333,
        0.1625,
        0.166154,
        0.12,
        0.154118,
        0.108182
      ],
      [
        0.172222,
        0.241429,
        0.128889,
        0.1425,
        0.181429,
        0.143333,
        0.335556,
        0.424,
        0.270833,
        0.261333,
        0.364375,
        0.203077,
        0.384286,
        0.27625,
        0.215455,
        0.351667,
        0.48875,
        0.184,
        0.226,
        0.229167,
        0.0,
        0.313333,
        0.171333,
        0.14,
        0.28,
        0.282308,
        0.491
      ],
      [
        0.12,
        0.05625,
        0.098571,
        0.094286,
        0.07,
        0.15,
        0.09,
        0.082727,
        0.094615,
        0.099286,
        0.085,
        0.11,
        0.155,
        0.0675,
        0.086,
        0.075,
        0.072222,
        0.105714,
        0.09375,
        0.148333,
        0.313333,
        0.0,
        0.094167,
        0.102222,
        0.046667,
        0.086667,
        0.131
      ],
      [
        0.17,
        0.165833,
        0.063571,
        0.081667,
        0.079091,
        0.15125,
        0.241667,
        0.232143,
        0.228,
        0.162857,
        0.205909,
        0.119412,
        0.123333,
        0.2125,
        0.099474,
        0.157,
        0.291818,
        0.06625,
        0.094,
        0.1625,
        0.171333,
        0.094167,
        0.0,
        0.07,
        0.091,
        0.165,
        0.364667
      ],
      [
        0.171111,
        0.188182,
        0.061538,
        0.093636,
        0.06375,
        0.125333,
        0.225556,
        0.290769,
        0.223,
        0.168125,
        0.254211,
        0.163636,
        0.124545,
        0.161818,
        0.142857,
        0.155,
        0.335,
        0.054286,
        0.105556,
        0.166154,
        0.14,
        0.102222,
        0.07,
        0.0,
        0.073333,
        0.171333,
        0.317857
      ],
      [
        0.121429,
        0.112857,
        0.091667,
        0.051429,
        0.058,
        0.165,
        0.2425,
        0.045,
        0.074,
        0.147778,
        0.162,
        0.12,
        0.106667,
        0.141667,
        0.118889,
        0.061667,
        0.078,
        0.06,
        0.045,
        0.12,
        0.28,
        0.046667,
        0.091,
        0.073333,
        0.0,
        0.11,
        0.1975
      ],
      [
        0.253636,
        0.124167,
        0.209091,
        0.105,
        0.139091,
        0.251429,
        0.113333,
        0.165385,
        0.13125,
        0.105,
        0.1235,
        0.116875,
        0.19,
        0.08,
        0.168421,
        0.141667,
        0.148182,
        0.098571,
        0.144,
        0.154118,
        0.282308,
        0.086667,
        0.165,
        0.171333,
        0.11,
        0.0,
        0.198571
      ],
      [
        0.26,
        0.155455,
        0.358182,
        0.256,
        0.255,
        0.285833,
        0.117273,
        0.1175,
        0.044286,
        0.24625,
        0.181176,
        0.343636,
        0.432222,
        0.080909,
        0.285385,
        0.094545,
        0.119091,
        0.096667,
        0.18625,
        0.108182,
        0.491,
        0.131,
        0.364667,
        0.317857,
        0.1975,
        0.198571,
        0.0
      ]
    ],
    "pair_count_matrix": [
      [
        0,
        9,
        9,
        9,
        7,
        10,
        7,
        10,
        9,
        12,
        14,
        11,
        7,
        7,
        12,
        8,
        7,
        8,
        7,
        10,
        9,
        7,
        13,
        9,
        7,
        11,
        7
      ],
      [
        9,
        0,
        9,
        11,
        7,
        10,
        9,
        10,
        11,
        13,
        16,
        9,
        6,
        9,
        10,
        8,
        7,
        8,
        7,
        13,
        7,
        8,
        12,
        11,
        7,
        12,
        11
      ],
      [
        9,
        9,
        0,
        10,
        8,
        10,
        8,
        11,
        9,
        12,
        14,
        9,
        10,
        8,
        12,
        8,
        8,
        6,
        7,
        9,
        9,
        7,
        14,
        13,
        6,
        11,
        11
      ],
      [
        9,
        11,
        10,
        0,
        8,
        12,
        9,
        10,
        10,
        10,
        14,
        11,
        6,
        10,
        9,
        9,
        9,
        9,
        9,
        12,
        8,
        7,
        12,
        11,
        7,
        10,
        10
      ],
      [
        7,
        7,
        8,
        8,
        0,
        8,
        10,
        8,
        9,
        12,
        10,
        11,
        5,
        8,
        11,
        8,
        6,
        6,
        9,
        10,
        7,
        9,
        11,
        8,
        5,
        11,
        10
      ],
      [
        10,
        10,
        10,
        12,
        8,
        0,
        9,
        10,
        9,
        15,
        18,
        12,
        9,
        12,
        13,
        9,
        8,
        9,
        9,
        13,
        9,
        8,
        16,
        15,
        10,
        14,
        12
      ],
      [
        7,
        9,
        8,
        9,
        10,
        9,
        0,
        9,
        13,
        16,
        14,
        12,
        5,
        9,
        9,
        8,
        8,
        7,
        8,
        13,
        9,
        11,
        12,
        9,
        4,
        12,
        11
      ],
      [
        10,
        10,
        11,
        10,
        8,
        10,
        9,
        0,
        13,
        12,
        16,
        12,
        9,
        10,
        11,
        12,
        12,
        8,
        8,
        12,
        10,
        11,
        14,
        13,
        6,
        13,
        12
      ],
      [
        9,
        11,
        9,
        10,
        9,
        9,
        13,
        13,
        0,
        16,
        17,
        13,
        8,
        11,
        11,
        11,
        13,
        8,
        8,
        15,
        12,
        13,
        15,
        10,
        5,
        16,
        14
      ],
      [
        12,
        13,
        12,
        10,
        12,
        15,
        16,
        12,
        16,
        0,
        23,
        16,
        10,
        11,
        20,
        10,
        10,
        8,
        10,
        16,
        15,
        14,
        21,
        16,
        9,
        22,
        16
      ],
      [
        14,
        16,
        14,
        14,
        10,
        18,
        14,
        16,
        17,
        23,
        0,
        18,
        12,
        13,
        19,
        12,
        13,
        11,
        10,
        20,
        16,
        12,
        22,
        19,
        10,
        20,
        17
      ],
      [
        11,
        9,
        9,
        11,
        11,
        12,
        12,
        12,
        13,
        16,
        18,
        0,
        8,
        10,
        14,
        10,
        10,
        10,
        10,
        15,
        13,
        12,
        17,
        11,
        7,
        16,
        11
      ],
      [
        7,
        6,
        10,
        6,
        5,
        9,
        5,
        9,
        8,
        10,
        12,
        8,
        0,
        6,
        10,
        6,
        8,
        5,
        5,
        7,
        7,
        6,
        12,
        11,
        6,
        9,
        9
      ],
      [
        7,
        9,
        8,
        10,
        8,
        12,
        9,
        10,
        11,
        11,
        13,
        10,
        6,
        0,
        9,
        10,
        9,
        7,
        8,
        12,
        8,
        8,
        12,
        11,
        6,
        12,
        11
      ],
      [
        12,
        10,
        12,
        9,
        11,
        13,
        9,
        11,
        11,
        20,
        19,
        14,
        10,
        9,
        0,
        9,
        8,
        7,
        9,
        12,
        11,
        10,
        19,
        14,
        9,
        19,
        13
      ],
      [
        8,
        8,
        8,
        9,
        8,
        9,
        8,
        12,
        11,
        10,
        12,
        10,
        6,
        10,
        9,
        0,
        10,
        7,
        8,
        10,
        6,
        10,
        10,
        10,
        6,
        12,
        11
      ],
      [
        7,
        7,
        8,
        9,
        6,
        8,
        8,
        12,
        13,
        10,
        13,
        10,
        8,
        9,
        8,
        10,
        0,
        6,
        6,
        10,
        8,
        9,
        11,
        10,
        5,
        11,
        11
      ],
      [
        8,
        8,
        6,
        9,
        6,
        9,
        7,
        8,
        8,
        8,
        11,
        10,
        5,
        7,
        7,
        7,
        6,
        0,
        7,
        11,
        5,
        7,
        8,
        7,
        5,
        7,
        6
      ],
      [
        7,
        7,
        7,
        9,
        9,
        9,
        8,
        8,
        8,
        10,
        10,
        10,
        5,
        8,
        9,
        8,
        6,
        7,
        0,
        9,
        5,
        8,
        10,
        9,
        6,
        10,
        8
      ],
      [
        10,
        13,
        9,
        12,
        10,
        13,
        13,
        12,
        15,
        16,
        20,
        15,
        7,
        12,
        12,
        10,
        10,
        11,
        9,
        0,
        12,
        12,
        16,
        13,
        7,
        17,
        11
      ],
      [
        9,
        7,
        9,
        8,
        7,
        9,
        9,
        10,
        12,
        15,
        16,
        13,
        7,
        8,
        11,
        6,
        8,
        5,
        5,
        12,
        0,
        6,
        15,
        10,
        3,
        13,
        10
      ],
      [
        7,
        8,
        7,
        7,
        9,
        8,
        11,
        11,
        13,
        14,
        12,
        12,
        6,
        8,
        10,
        10,
        9,
        7,
        8,
        12,
        6,
        0,
        12,
        9,
        6,
        15,
        10
      ],
      [
        13,
        12,
        14,
        12,
        11,
        16,
        12,
        14,
        15,
        21,
        22,
        17,
        12,
        12,
        19,
        10,
        11,
        8,
        10,
        16,
        15,
        12,
        0,
        17,
        10,
        20,
        15
      ],
      [
        9,
        11,
        13,
        11,
        8,
        15,
        9,
        13,
        10,
        16,
        19,
        11,
        11,
        11,
        14,
        10,
        10,
        7,
        9,
        13,
        10,
        9,
        17,
        0,
        9,
        15,
        14
      ],
      [
        7,
        7,
        6,
        7,
        5,
        10,
        4,
        6,
        5,
        9,
        10,
        7,
        6,
        6,
        9,
        6,
        5,
        5,
        6,
        7,
        3,
        6,
        10,
        9,
        0,
        10,
        8
      ],
      [
        11,
        12,
        11,
        10,
        11,
        14,
        12,
        13,
        16,
        22,
        20,
        16,
        9,
        12,
        19,
        12,
        11,
        7,
        10,
        17,
        13,
        15,
        20,
        15,
        10,
        0,
        14
      ],
      [
        7,
        11,
        11,
        10,
        10,
        12,
        11,
        12,
        14,
        16,
        17,
        11,
        9,
        11,
        13,
        11,
        11,
        6,
        8,
        11,
        10,
        10,
        15,
        14,
        8,
        14,
        0
      ]
    ],
    "pair_records": [
      {
        "country_a": "Austria",
        "country_b": "Belgium",
        "distance": 0.136667,
        "pair_count": 9
      },
      {
        "country_a": "Austria",
        "country_b": "Bulgaria",
        "distance": 0.112222,
        "pair_count": 9
      },
      {
        "country_a": "Austria",
        "country_b": "Croatia",
        "distance": 0.104444,
        "pair_count": 9
      },
      {
        "country_a": "Austria",
        "country_b": "Cyprus",
        "distance": 0.134286,
        "pair_count": 7
      },
      {
        "country_a": "Austria",
        "country_b": "Czechia",
        "distance": 0.124,
        "pair_count": 10
      },
      {
        "country_a": "Austria",
        "country_b": "Denmark",
        "distance": 0.231429,
        "pair_count": 7
      },
      {
        "country_a": "Austria",
        "country_b": "Estonia",
        "distance": 0.146,
        "pair_count": 10
      },
      {
        "country_a": "Austria",
        "country_b": "Finland",
        "distance": 0.117778,
        "pair_count": 9
      },
      {
        "country_a": "Austria",
        "country_b": "France",
        "distance": 0.205,
        "pair_count": 12
      },
      {
        "country_a": "Austria",
        "country_b": "Germany",
        "distance": 0.172143,
        "pair_count": 14
      },
      {
        "country_a": "Austria",
        "country_b": "Greece",
        "distance": 0.171818,
        "pair_count": 11
      },
      {
        "country_a": "Austria",
        "country_b": "Hungary",
        "distance": 0.274286,
        "pair_count": 7
      },
      {
        "country_a": "Austria",
        "country_b": "Ireland",
        "distance": 0.205714,
        "pair_count": 7
      },
      {
        "country_a": "Austria",
        "country_b": "Italy",
        "distance": 0.164167,
        "pair_count": 12
      },
      {
        "country_a": "Austria",
        "country_b": "Latvia",
        "distance": 0.145,
        "pair_count": 8
      },
      {
        "country_a": "Austria",
        "country_b": "Lithuania",
        "distance": 0.11,
        "pair_count": 7
      },
      {
        "country_a": "Austria",
        "country_b": "Luxembourg",
        "distance": 0.12375,
        "pair_count": 8
      },
      {
        "country_a": "Austria",
        "country_b": "Malta",
        "distance": 0.127143,
        "pair_count": 7
      },
      {
        "country_a": "Austria",
        "country_b": "Netherlands",
        "distance": 0.173,
        "pair_count": 10
      },
      {
        "country_a": "Austria",
        "country_b": "Poland",
        "distance": 0.172222,
        "pair_count": 9
      },
      {
        "country_a": "Austria",
        "country_b": "Portugal",
        "distance": 0.12,
        "pair_count": 7
      },
      {
        "country_a": "Austria",
        "country_b": "Romania",
        "distance": 0.17,
        "pair_count": 13
      },
      {
        "country_a": "Austria",
        "country_b": "Slovakia",
        "distance": 0.171111,
        "pair_count": 9
      },
      {
        "country_a": "Austria",
        "country_b": "Slovenia",
        "distance": 0.121429,
        "pair_count": 7
      },
      {
        "country_a": "Austria",
        "country_b": "Spain",
        "distance": 0.253636,
        "pair_count": 11
      },
      {
        "country_a": "Austria",
        "country_b": "Sweden",
        "distance": 0.26,
        "pair_count": 7
      },
      {
        "country_a": "Belgium",
        "country_b": "Bulgaria",
        "distance": 0.175556,
        "pair_count": 9
      },
      {
        "country_a": "Belgium",
        "country_b": "Croatia",
        "distance": 0.13,
        "pair_count": 11
      },
      {
        "country_a": "Belgium",
        "country_b": "Cyprus",
        "distance": 0.167143,
        "pair_count": 7
      },
      {
        "country_a": "Belgium",
        "country_b": "Czechia",
        "distance": 0.227,
        "pair_count": 10
      },
      {
        "country_a": "Belgium",
        "country_b": "Denmark",
        "distance": 0.156667,
        "pair_count": 9
      },
      {
        "country_a": "Belgium",
        "country_b": "Estonia",
        "distance": 0.128,
        "pair_count": 10
      },
      {
        "country_a": "Belgium",
        "country_b": "Finland",
        "distance": 0.13,
        "pair_count": 11
      },
      {
        "country_a": "Belgium",
        "country_b": "France",
        "distance": 0.132308,
        "pair_count": 13
      },
      {
        "country_a": "Belgium",
        "country_b": "Germany",
        "distance": 0.163125,
        "pair_count": 16
      },
      {
        "country_a": "Belgium",
        "country_b": "Greece",
        "distance": 0.086667,
        "pair_count": 9
      },
      {
        "country_a": "Belgium",
        "country_b": "Hungary",
        "distance": 0.19,
        "pair_count": 6
      },
      {
        "country_a": "Belgium",
        "country_b": "Ireland",
        "distance": 0.065556,
        "pair_count": 9
      },
      {
        "country_a": "Belgium",
        "country_b": "Italy",
        "distance": 0.262,
        "pair_count": 10
      },
      {
        "country_a": "Belgium",
        "country_b": "Latvia",
        "distance": 0.07375,
        "pair_count": 8
      },
      {
        "country_a": "Belgium",
        "country_b": "Lithuania",
        "distance": 0.121429,
        "pair_count": 7
      },
      {
        "country_a": "Belgium",
        "country_b": "Luxembourg",
        "distance": 0.07125,
        "pair_count": 8
      },
      {
        "country_a": "Belgium",
        "country_b": "Malta",
        "distance": 0.087143,
        "pair_count": 7
      },
      {
        "country_a": "Belgium",
        "country_b": "Netherlands",
        "distance": 0.133077,
        "pair_count": 13
      },
      {
        "country_a": "Belgium",
        "country_b": "Poland",
        "distance": 0.241429,
        "pair_count": 7
      },
      {
        "country_a": "Belgium",
        "country_b": "Portugal",
        "distance": 0.05625,
        "pair_count": 8
      },
      {
        "country_a": "Belgium",
        "country_b": "Romania",
        "distance": 0.165833,
        "pair_count": 12
      },
      {
        "country_a": "Belgium",
        "country_b": "Slovakia",
        "distance": 0.188182,
        "pair_count": 11
      },
      {
        "country_a": "Belgium",
        "country_b": "Slovenia",
        "distance": 0.112857,
        "pair_count": 7
      },
      {
        "country_a": "Belgium",
        "country_b": "Spain",
        "distance": 0.124167,
        "pair_count": 12
      },
      {
        "country_a": "Belgium",
        "country_b": "Sweden",
        "distance": 0.155455,
        "pair_count": 11
      },
      {
        "country_a": "Bulgaria",
        "country_b": "Croatia",
        "distance": 0.111,
        "pair_count": 10
      },
      {
        "country_a": "Bulgaria",
        "country_b": "Cyprus",
        "distance": 0.07,
        "pair_count": 8
      },
      {
        "country_a": "Bulgaria",
        "country_b": "Czechia",
        "distance": 0.112,
        "pair_count": 10
      },
      {
        "country_a": "Bulgaria",
        "country_b": "Denmark",
        "distance": 0.2825,
        "pair_count": 8
      },
      {
        "country_a": "Bulgaria",
        "country_b": "Estonia",
        "distance": 0.305455,
        "pair_count": 11
      },
      {
        "country_a": "Bulgaria",
        "country_b": "Finland",
        "distance": 0.232222,
        "pair_count": 9
      },
      {
        "country_a": "Bulgaria",
        "country_b": "France",
        "distance": 0.18,
        "pair_count": 12
      },
      {
        "country_a": "Bulgaria",
        "country_b": "Germany",
        "distance": 0.267857,
        "pair_count": 14
      },
      {
        "country_a": "Bulgaria",
        "country_b": "Greece",
        "distance": 0.171111,
        "pair_count": 9
      },
      {
        "country_a": "Bulgaria",
        "country_b": "Hungary",
        "distance": 0.126,
        "pair_count": 10
      },
      {
        "country_a": "Bulgaria",
        "country_b": "Ireland",
        "distance": 0.2475,
        "pair_count": 8
      },
      {
        "country_a": "Bulgaria",
        "country_b": "Italy",
        "distance": 0.113333,
        "pair_count": 12
      },
      {
        "country_a": "Bulgaria",
        "country_b": "Latvia",
        "distance": 0.175,
        "pair_count": 8
      },
      {
        "country_a": "Bulgaria",
        "country_b": "Lithuania",
        "distance": 0.3575,
        "pair_count": 8
      },
      {
        "country_a": "Bulgaria",
        "country_b": "Luxembourg",
        "distance": 0.078333,
        "pair_count": 6
      },
      {
        "country_a": "Bulgaria",
        "country_b": "Malta",
        "distance": 0.085714,
        "pair_count": 7
      },
      {
        "country_a": "Bulgaria",
        "country_b": "Netherlands",
        "distance": 0.245556,
        "pair_count": 9
      },
      {
        "country_a": "Bulgaria",
        "country_b": "Poland",
        "distance": 0.128889,
        "pair_count": 9
      },
      {
        "country_a": "Bulgaria",
        "country_b": "Portugal",
        "distance": 0.098571,
        "pair_count": 7
      },
      {
        "country_a": "Bulgaria",
        "country_b": "Romania",
        "distance": 0.063571,
        "pair_count": 14
      },
      {
        "country_a": "Bulgaria",
        "country_b": "Slovakia",
        "distance": 0.061538,
        "pair_count": 13
      },
      {
        "country_a": "Bulgaria",
        "country_b": "Slovenia",
        "distance": 0.091667,
        "pair_count": 6
      },
      {
        "country_a": "Bulgaria",
        "country_b": "Spain",
        "distance": 0.209091,
        "pair_count": 11
      },
      {
        "country_a": "Bulgaria",
        "country_b": "Sweden",
        "distance": 0.358182,
        "pair_count": 11
      },
      {
        "country_a": "Croatia",
        "country_b": "Cyprus",
        "distance": 0.05625,
        "pair_count": 8
      },
      {
        "country_a": "Croatia",
        "country_b": "Czechia",
        "distance": 0.119167,
        "pair_count": 12
      },
      {
        "country_a": "Croatia",
        "country_b": "Denmark",
        "distance": 0.212222,
        "pair_count": 9
      },
      {
        "country_a": "Croatia",
        "country_b": "Estonia",
        "distance": 0.148,
        "pair_count": 10
      },
      {
        "country_a": "Croatia",
        "country_b": "Finland",
        "distance": 0.133,
        "pair_count": 10
      },
      {
        "country_a": "Croatia",
        "country_b": "France",
        "distance": 0.125,
        "pair_count": 10
      },
      {
        "country_a": "Croatia",
        "country_b": "Germany",
        "distance": 0.14,
        "pair_count": 14
      },
      {
        "country_a": "Croatia",
        "country_b": "Greece",
        "distance": 0.076364,
        "pair_count": 11
      },
      {
        "country_a": "Croatia",
        "country_b": "Hungary",
        "distance": 0.195,
        "pair_count": 6
      },
      {
        "country_a": "Croatia",
        "country_b": "Ireland",
        "distance": 0.152,
        "pair_count": 10
      },
      {
        "country_a": "Croatia",
        "country_b": "Italy",
        "distance": 0.126667,
        "pair_count": 9
      },
      {
        "country_a": "Croatia",
        "country_b": "Latvia",
        "distance": 0.088889,
        "pair_count": 9
      },
      {
        "country_a": "Croatia",
        "country_b": "Lithuania",
        "distance": 0.163333,
        "pair_count": 9
      },
      {
        "country_a": "Croatia",
        "country_b": "Luxembourg",
        "distance": 0.041111,
        "pair_count": 9
      },
      {
        "country_a": "Croatia",
        "country_b": "Malta",
        "distance": 0.112222,
        "pair_count": 9
      },
      {
        "country_a": "Croatia",
        "country_b": "Netherlands",
        "distance": 0.139167,
        "pair_count": 12
      },
      {
        "country_a": "Croatia",
        "country_b": "Poland",
        "distance": 0.1425,
        "pair_count": 8
      },
      {
        "country_a": "Croatia",
        "country_b": "Portugal",
        "distance": 0.094286,
        "pair_count": 7
      },
      {
        "country_a": "Croatia",
        "country_b": "Romania",
        "distance": 0.081667,
        "pair_count": 12
      },
      {
        "country_a": "Croatia",
        "country_b": "Slovakia",
        "distance": 0.093636,
        "pair_count": 11
      },
      {
        "country_a": "Croatia",
        "country_b": "Slovenia",
        "distance": 0.051429,
        "pair_count": 7
      },
      {
        "country_a": "Croatia",
        "country_b": "Spain",
        "distance": 0.105,
        "pair_count": 10
      },
      {
        "country_a": "Croatia",
        "country_b": "Sweden",
        "distance": 0.256,
        "pair_count": 10
      },
      {
        "country_a": "Cyprus",
        "country_b": "Czechia",
        "distance": 0.12125,
        "pair_count": 8
      },
      {
        "country_a": "Cyprus",
        "country_b": "Denmark",
        "distance": 0.209,
        "pair_count": 10
      },
      {
        "country_a": "Cyprus",
        "country_b": "Estonia",
        "distance": 0.1125,
        "pair_count": 8
      },
      {
        "country_a": "Cyprus",
        "country_b": "Finland",
        "distance": 0.143333,
        "pair_count": 9
      },
      {
        "country_a": "Cyprus",
        "country_b": "France",
        "distance": 0.1325,
        "pair_count": 12
      },
      {
        "country_a": "Cyprus",
        "country_b": "Germany",
        "distance": 0.138,
        "pair_count": 10
      },
      {
        "country_a": "Cyprus",
        "country_b": "Greece",
        "distance": 0.096364,
        "pair_count": 11
      },
      {
        "country_a": "Cyprus",
        "country_b": "Hungary",
        "distance": 0.158,
        "pair_count": 5
      },
      {
        "country_a": "Cyprus",
        "country_b": "Ireland",
        "distance": 0.195,
        "pair_count": 8
      },
      {
        "country_a": "Cyprus",
        "country_b": "Italy",
        "distance": 0.092727,
        "pair_count": 11
      },
      {
        "country_a": "Cyprus",
        "country_b": "Latvia",
        "distance": 0.085,
        "pair_count": 8
      },
      {
        "country_a": "Cyprus",
        "country_b": "Lithuania",
        "distance": 0.153333,
        "pair_count": 6
      },
      {
        "country_a": "Cyprus",
        "country_b": "Luxembourg",
        "distance": 0.055,
        "pair_count": 6
      },
      {
        "country_a": "Cyprus",
        "country_b": "Malta",
        "distance": 0.078889,
        "pair_count": 9
      },
      {
        "country_a": "Cyprus",
        "country_b": "Netherlands",
        "distance": 0.225,
        "pair_count": 10
      },
      {
        "country_a": "Cyprus",
        "country_b": "Poland",
        "distance": 0.181429,
        "pair_count": 7
      },
      {
        "country_a": "Cyprus",
        "country_b": "Portugal",
        "distance": 0.07,
        "pair_count": 9
      },
      {
        "country_a": "Cyprus",
        "country_b": "Romania",
        "distance": 0.079091,
        "pair_count": 11
      },
      {
        "country_a": "Cyprus",
        "country_b": "Slovakia",
        "distance": 0.06375,
        "pair_count": 8
      },
      {
        "country_a": "Cyprus",
        "country_b": "Slovenia",
        "distance": 0.058,
        "pair_count": 5
      },
      {
        "country_a": "Cyprus",
        "country_b": "Spain",
        "distance": 0.139091,
        "pair_count": 11
      },
      {
        "country_a": "Cyprus",
        "country_b": "Sweden",
        "distance": 0.255,
        "pair_count": 10
      },
      {
        "country_a": "Czechia",
        "country_b": "Denmark",
        "distance": 0.282222,
        "pair_count": 9
      },
      {
        "country_a": "Czechia",
        "country_b": "Estonia",
        "distance": 0.158,
        "pair_count": 10
      },
      {
        "country_a": "Czechia",
        "country_b": "Finland",
        "distance": 0.086667,
        "pair_count": 9
      },
      {
        "country_a": "Czechia",
        "country_b": "France",
        "distance": 0.28,
        "pair_count": 15
      },
      {
        "country_a": "Czechia",
        "country_b": "Germany",
        "distance": 0.234444,
        "pair_count": 18
      },
      {
        "country_a": "Czechia",
        "country_b": "Greece",
        "distance": 0.2,
        "pair_count": 12
      },
      {
        "country_a": "Czechia",
        "country_b": "Hungary",
        "distance": 0.273333,
        "pair_count": 9
      },
      {
        "country_a": "Czechia",
        "country_b": "Ireland",
        "distance": 0.210833,
        "pair_count": 12
      },
      {
        "country_a": "Czechia",
        "country_b": "Italy",
        "distance": 0.115385,
        "pair_count": 13
      },
      {
        "country_a": "Czechia",
        "country_b": "Latvia",
        "distance": 0.111111,
        "pair_count": 9
      },
      {
        "country_a": "Czechia",
        "country_b": "Lithuania",
        "distance": 0.1325,
        "pair_count": 8
      },
      {
        "country_a": "Czechia",
        "country_b": "Luxembourg",
        "distance": 0.081111,
        "pair_count": 9
      },
      {
        "country_a": "Czechia",
        "country_b": "Malta",
