{
  "generated_at": "2025-11-15T12:33:45.702096+00:00",
  "parameters": {
    "outputs_dir": "outputs_combined",
    "min_pair_count": 3
  },
  "overall": {
    "countries": [
      "Austria",
      "Belgium",
      "Bulgaria",
      "Croatia",
      "Cyprus",
      "Czechia",
      "Denmark",
      "Estonia",
      "Finland",
      "France",
      "Germany",
      "Greece",
      "Hungary",
      "Ireland",
      "Italy",
      "Latvia",
      "Lithuania",
      "Luxembourg",
      "Malta",
      "Netherlands",
      "Poland",
      "Portugal",
      "Romania",
      "Slovakia",
      "Slovenia",
      "Spain",
      "Sweden"
    ],
    "distance_matrix": [
      [
        0.0,
        0.151626,
        0.17463,
        0.163092,
        0.158138,
        0.180955,
        0.232177,
        0.159684,
        0.178232,
        0.188641,
        0.161967,
        0.17247,
        0.231391,
        0.181854,
        0.199176,
        0.149739,
        0.164156,
        0.156078,
        0.160152,
        0.185893,
        0.185676,
        0.156894,
        0.193062,
        0.193975,
        0.150065,
        0.213815,
        0.202792
      ],
      [
        0.151626,
        0.0,
        0.152984,
        0.139925,
        0.132712,
        0.171765,
        0.141277,
        0.154574,
        0.133282,
        0.139677,
        0.174228,
        0.134773,
        0.206707,
        0.130159,
        0.164658,
        0.143387,
        0.12808,
        0.134274,
        0.151284,
        0.125874,
        0.149625,
        0.127015,
        0.147063,
        0.156129,
        0.15371,
        0.149,
        0.175238
      ],
      [
        0.17463,
        0.152984,
        0.0,
        0.115407,
        0.121205,
        0.150417,
        0.230625,
        0.183706,
        0.191908,
        0.179585,
        0.210749,
        0.120324,
        0.185682,
        0.176951,
        0.147897,
        0.135671,
        0.14381,
        0.15298,
        0.120993,
        0.212247,
        0.132984,
        0.127765,
        0.121823,
        0.131778,
        0.158095,
        0.189946,
        0.225549
      ],
      [
        0.163092,
        0.139925,
        0.115407,
        0.0,
        0.086627,
        0.145613,
        0.173955,
        0.117407,
        0.133988,
        0.13559,
        0.195158,
        0.097754,
        0.193707,
        0.135723,
        0.1425,
        0.113413,
        0.103452,
        0.1194,
        0.094605,
        0.173598,
        0.13878,
        0.111326,
        0.114489,
        0.135276,
        0.112025,
        0.143698,
        0.173812
      ],
      [
        0.158138,
        0.132712,
        0.121205,
        0.086627,
        0.0,
        0.13911,
        0.16963,
        0.112961,
        0.135063,
        0.131164,
        0.165111,
        0.077202,
        0.188692,
        0.119632,
        0.132347,
        0.110867,
        0.096369,
        0.112568,
        0.091558,
        0.162333,
        0.114622,
        0.102253,
        0.104121,
        0.134248,
        0.116076,
        0.130372,
        0.180671
      ],
      [
        0.180955,
        0.171765,
        0.150417,
        0.145613,
        0.13911,
        0.0,
        0.182143,
        0.15184,
        0.17711,
        0.180851,
        0.203152,
        0.146098,
        0.186555,
        0.168025,
        0.140495,
        0.135679,
        0.13,
        0.168,
        0.153571,
        0.209713,
        0.132417,
        0.155776,
        0.143256,
        0.109825,
        0.178282,
        0.207303,
        0.22
      ],
      [
        0.232177,
        0.141277,
        0.230625,
        0.173955,
        0.16963,
        0.182143,
        0.0,
        0.164599,
        0.138543,
        0.15568,
        0.179448,
        0.185374,
        0.2668,
        0.135789,
        0.212353,
        0.172891,
        0.150519,
        0.140902,
        0.192458,
        0.133961,
        0.223068,
        0.159384,
        0.197293,
        0.202991,
        0.191538,
        0.186039,
        0.128116
      ],
      [
        0.159684,
        0.154574,
        0.183706,
        0.117407,
        0.112961,
        0.15184,
        0.164599,
        0.0,
        0.115638,
        0.162915,
        0.165918,
        0.151243,
        0.267966,
        0.125417,
        0.169634,
        0.112948,
        0.106851,
        0.153503,
        0.127687,
        0.147978,
        0.18225,
        0.126162,
        0.166971,
        0.181062,
        0.134588,
        0.171543,
        0.150059
      ],
      [
        0.178232,
        0.133282,
        0.191908,
        0.133988,
        0.135063,
        0.17711,
        0.138543,
        0.115638,
        0.0,
        0.171628,
        0.173726,
        0.154516,
        0.259754,
        0.121462,
        0.167767,
        0.142011,
        0.134413,
        0.152813,
        0.125918,
        0.122449,
        0.16876,
        0.131882,
        0.176413,
        0.186746,
        0.146114,
        0.182139,
        0.115243
      ],
      [
        0.188641,
        0.139677,
        0.179585,
        0.13559,
        0.131164,
        0.180851,
        0.15568,
        0.162915,
        0.171628,
        0.0,
        0.188697,
        0.136833,
        0.230282,
        0.138214,
        0.15288,
        0.162186,
        0.133789,
        0.139438,
        0.155843,
        0.16133,
        0.179247,
        0.132377,
        0.168824,
        0.160904,
        0.147438,
        0.13959,
        0.1857
      ],
      [
        0.161967,
        0.174228,
        0.210749,
        0.195158,
        0.165111,
        0.203152,
        0.179448,
        0.165918,
        0.173726,
        0.188697,
        0.0,
        0.189565,
        0.288676,
        0.179894,
        0.220928,
        0.181648,
        0.182781,
        0.184509,
        0.165443,
        0.159775,
        0.225578,
        0.171014,
        0.214072,
        0.214021,
        0.155389,
        0.189532,
        0.199895
      ],
      [
        0.17247,
        0.134773,
        0.120324,
        0.097754,
        0.077202,
        0.146098,
        0.185374,
        0.151243,
        0.154516,
        0.136833,
        0.189565,
        0.0,
        0.181417,
        0.134551,
        0.122152,
        0.128266,
        0.120984,
        0.126312,
        0.103054,
        0.16835,
        0.137536,
        0.104703,
        0.108723,
        0.134633,
        0.126851,
        0.141038,
        0.200355
      ],
      [
        0.231391,
        0.206707,
        0.185682,
        0.193707,
        0.188692,
        0.186555,
        0.2668,
        0.267966,
        0.259754,
        0.230282,
        0.288676,
        0.181417,
        0.0,
        0.239649,
        0.174388,
        0.195536,
        0.211774,
        0.222018,
        0.196465,
        0.267869,
        0.178462,
        0.197642,
        0.178906,
        0.139206,
        0.2125,
        0.256319,
        0.262521
      ],
      [
        0.181854,
        0.130159,
        0.176951,
        0.135723,
        0.119632,
        0.168025,
        0.135789,
        0.125417,
        0.121462,
        0.138214,
        0.179894,
        0.134551,
        0.239649,
        0.0,
        0.180157,
        0.138125,
        0.116605,
        0.120385,
        0.124626,
        0.127819,
        0.17178,
        0.106944,
        0.158773,
        0.172675,
        0.12247,
        0.132917,
        0.145904
      ],
      [
        0.199176,
        0.164658,
        0.147897,
        0.1425,
        0.132347,
        0.140495,
        0.212353,
        0.169634,
        0.167767,
        0.15288,
        0.220928,
        0.122152,
        0.174388,
        0.180157,
        0.0,
        0.141793,
        0.142632,
        0.171657,
        0.143054,
        0.202582,
        0.146897,
        0.134186,
        0.136269,
        0.135969,
        0.175124,
        0.175654,
        0.208361
      ],
      [
        0.149739,
        0.143387,
        0.135671,
        0.113413,
        0.110867,
        0.135679,
        0.172891,
        0.112948,
        0.142011,
        0.162186,
        0.181648,
        0.128266,
        0.195536,
        0.138125,
        0.141793,
        0.0,
        0.09289,
        0.132905,
        0.10966,
        0.180235,
        0.136087,
        0.121163,
        0.123193,
        0.12925,
        0.146582,
        0.177802,
        0.174025
      ],
      [
        0.164156,
        0.12808,
        0.14381,
        0.103452,
        0.096369,
        0.13,
        0.150519,
        0.106851,
        0.134413,
        0.133789,
        0.182781,
        0.120984,
        0.211774,
        0.116605,
        0.142632,
        0.09289,
        0.0,
        0.110397,
        0.109034,
        0.15337,
        0.147,
        0.108547,
        0.124651,
        0.140745,
        0.135951,
        0.160107,
        0.166527
      ],
      [
        0.156078,
        0.134274,
        0.15298,
        0.1194,
        0.112568,
        0.168,
        0.140902,
        0.153503,
        0.152813,
        0.139438,
        0.184509,
        0.126312,
        0.222018,
        0.120385,
        0.171657,
        0.132905,
        0.110397,
        0.0,
        0.132741,
        0.137778,
        0.152609,
        0.119695,
        0.139797,
        0.151895,
        0.131812,
        0.137824,
        0.161419
      ],
      [
        0.160152,
        0.151284,
        0.120993,
        0.094605,
        0.091558,
        0.153571,
        0.192458,
        0.127687,
        0.125918,
        0.155843,
        0.165443,
        0.103054,
        0.196465,
        0.124626,
        0.143054,
        0.10966,
        0.109034,
        0.132741,
        0.0,
        0.155449,
        0.1273,
        0.119329,
        0.111765,
        0.139577,
        0.141149,
        0.159518,
        0.166861
      ],
      [
        0.185893,
        0.125874,
        0.212247,
        0.173598,
        0.162333,
        0.209713,
        0.133961,
        0.147978,
        0.122449,
        0.16133,
        0.159775,
        0.16835,
        0.267869,
        0.127819,
        0.202582,
        0.180235,
        0.15337,
        0.137778,
        0.155449,
        0.0,
        0.192979,
        0.153128,
        0.20082,
        0.208212,
        0.161257,
        0.169009,
        0.145405
      ],
      [
        0.185676,
        0.149625,
        0.132984,
        0.13878,
        0.114622,
        0.132417,
        0.223068,
        0.18225,
        0.16876,
        0.179247,
        0.225578,
        0.137536,
        0.178462,
        0.17178,
        0.146897,
        0.136087,
        0.147,
        0.152609,
        0.1273,
        0.192979,
        0.0,
        0.148372,
        0.117674,
        0.126667,
        0.154561,
        0.18331,
        0.248673
      ],
      [
        0.156894,
        0.127015,
        0.127765,
        0.111326,
        0.102253,
        0.155776,
        0.159384,
        0.126162,
        0.131882,
        0.132377,
        0.171014,
        0.104703,
        0.197642,
        0.106944,
        0.134186,
        0.121163,
        0.108547,
        0.119695,
        0.119329,
        0.153128,
        0.148372,
        0.0,
        0.124556,
        0.151131,
        0.116448,
        0.103258,
        0.167143
      ],
      [
        0.193062,
        0.147063,
        0.121823,
        0.114489,
        0.104121,
        0.143256,
        0.197293,
        0.166971,
        0.176413,
        0.168824,
        0.214072,
        0.108723,
        0.178906,
        0.158773,
        0.136269,
        0.123193,
        0.124651,
        0.139797,
        0.111765,
        0.20082,
        0.117674,
        0.124556,
        0.0,
        0.115,
        0.148743,
        0.170733,
        0.212699
      ],
      [
        0.193975,
        0.156129,
        0.131778,
        0.135276,
        0.134248,
        0.109825,
        0.202991,
        0.181062,
        0.186746,
        0.160904,
        0.214021,
        0.134633,
        0.139206,
        0.172675,
        0.135969,
        0.12925,
        0.140745,
        0.151895,
        0.139577,
        0.208212,
        0.126667,
        0.151131,
        0.115,
        0.0,
        0.162765,
        0.205989,
        0.23472
      ],
      [
        0.150065,
        0.15371,
        0.158095,
        0.112025,
        0.116076,
        0.178282,
        0.191538,
        0.134588,
        0.146114,
        0.147438,
        0.155389,
        0.126851,
        0.2125,
        0.12247,
        0.175124,
        0.146582,
        0.135951,
        0.131812,
        0.141149,
        0.161257,
        0.154561,
        0.116448,
        0.148743,
        0.162765,
        0.0,
        0.147382,
        0.181635
      ],
      [
        0.213815,
        0.149,
        0.189946,
        0.143698,
        0.130372,
        0.207303,
        0.186039,
        0.171543,
        0.182139,
        0.13959,
        0.189532,
        0.141038,
        0.256319,
        0.132917,
        0.175654,
        0.177802,
        0.160107,
        0.137824,
        0.159518,
        0.169009,
        0.18331,
        0.103258,
        0.170733,
        0.205989,
        0.147382,
        0.0,
        0.216649
      ],
      [
        0.202792,
        0.175238,
        0.225549,
        0.173812,
        0.180671,
        0.22,
        0.128116,
        0.150059,
        0.115243,
        0.1857,
        0.199895,
        0.200355,
        0.262521,
        0.145904,
        0.208361,
        0.174025,
        0.166527,
        0.161419,
        0.166861,
        0.145405,
        0.248673,
        0.167143,
        0.212699,
        0.23472,
        0.181635,
        0.216649,
        0.0
      ]
    ],
    "pair_count_matrix": [
      [
        0,
        123,
        162,
        152,
        145,
        157,
        124,
        158,
        164,
        184,
        183,
        166,
        115,
        151,
        182,
        153,
        154,
        153,
        132,
        168,
        111,
        161,
        160,
        161,
        155,
        173,
        154
      ],
      [
        123,
        0,
        124,
        134,
        118,
        119,
        94,
        129,
        131,
        155,
        149,
        132,
        82,
        126,
        146,
        124,
        125,
        124,
        109,
        143,
        80,
        134,
        126,
        124,
        124,
        140,
        126
      ],
      [
        162,
        124,
        0,
        172,
        166,
        168,
        128,
        170,
        173,
        193,
        187,
        185,
        132,
        164,
        195,
        164,
        168,
        151,
        151,
        178,
        124,
        179,
        181,
        180,
        168,
        184,
        164
      ],
      [
        152,
        134,
        172,
        0,
        169,
        155,
        134,
        162,
        173,
        195,
        190,
        187,
        116,
        166,
        200,
        167,
        168,
        150,
        152,
        189,
        123,
        181,
        176,
        163,
        163,
        192,
        160
      ],
      [
        145,
        118,
        166,
        169,
        0,
        146,
        135,
        152,
        160,
        189,
        180,
        193,
        107,
        163,
        196,
        150,
        157,
        148,
        154,
        180,
        119,
        182,
        165,
        153,
        158,
        188,
        149
      ],
      [
        157,
        119,
        168,
        155,
        146,
        0,
        126,
        163,
        173,
        188,
        184,
        164,
        119,
        157,
        182,
        162,
        165,
        150,
        140,
        174,
        120,
        161,
        172,
        171,
        163,
        178,
        167
      ],
      [
        124,
        94,
        128,
        134,
        135,
        126,
        0,
        137,
        151,
        169,
        163,
        147,
        75,
        133,
        153,
        128,
        135,
        122,
        118,
        154,
        88,
        146,
        133,
        117,
        130,
        154,
        138
      ],
      [
        158,
        129,
        170,
        162,
        152,
        163,
        137,
        0,
        188,
        199,
        196,
        177,
        118,
        168,
        191,
        173,
        181,
        157,
        147,
        183,
        120,
        185,
        175,
        160,
        170,
        188,
        169
      ],
      [
        164,
        131,
        173,
        173,
        160,
        173,
        151,
        188,
        0,
        215,
        212,
        186,
        122,
        171,
        206,
        179,
        179,
        160,
        147,
        196,
        129,
        186,
        184,
        169,
        175,
        201,
        185
      ],
      [
        184,
        155,
        193,
        195,
        189,
        188,
        169,
        199,
        215,
        0,
        261,
        221,
        142,
        196,
        250,
        183,
        190,
        178,
        166,
        233,
        146,
        223,
        204,
        188,
        203,
        244,
        200
      ],
      [
        183,
        149,
        187,
        190,
        180,
        184,
        163,
        196,
        212,
        261,
        0,
        207,
        136,
        188,
        237,
        182,
        187,
        173,
        158,
        222,
        147,
        207,
        194,
        189,
        193,
        235,
        190
      ],
      [
        166,
        132,
        185,
        187,
        193,
        164,
        147,
        177,
        186,
        221,
        207,
        0,
        127,
        178,
        223,
        173,
        183,
        160,
        167,
        206,
        138,
        202,
        188,
        177,
        181,
        212,
        169
      ],
      [
        115,
        82,
        132,
        116,
        107,
        119,
        75,
        118,
        122,
        142,
        136,
        127,
        0,
        114,
        139,
        112,
        124,
        114,
        99,
        122,
        78,
        123,
        128,
        126,
        124,
        144,
        119
      ],
      [
        151,
        126,
        164,
        166,
        163,
        157,
        133,
        168,
        171,
        196,
        188,
        178,
        114,
        0,
        191,
        160,
        162,
        156,
        147,
        188,
        118,
        180,
        163,
        157,
        166,
        192,
        166
      ],
      [
        182,
        146,
        195,
        200,
        196,
        182,
        153,
        191,
        206,
        250,
        237,
        223,
        139,
        191,
        0,
        184,
        190,
        169,
        167,
        213,
        145,
        215,
        201,
        191,
        201,
        237,
        183
      ],
      [
        153,
        124,
        164,
        167,
        150,
        162,
        128,
        173,
        179,
        183,
        182,
        173,
        112,
        160,
        184,
        0,
        173,
        148,
        147,
        170,
        115,
        172,
        166,
        160,
        158,
        182,
        159
      ],
      [
        154,
        125,
        168,
        168,
        157,
        165,
        135,
        181,
        179,
        190,
        187,
        183,
        124,
        162,
        190,
        173,
        0,
        151,
        145,
        181,
        120,
        179,
        172,
        161,
        163,
        187,
        167
      ],
      [
        153,
        124,
        151,
        150,
        148,
        150,
        122,
        157,
        160,
        178,
        173,
        160,
        114,
        156,
        169,
        148,
        151,
        0,
        135,
        171,
        115,
        164,
        148,
        153,
        160,
        170,
        148
      ],
      [
        132,
        109,
        151,
        152,
        154,
        140,
        118,
        147,
        147,
        166,
        158,
        167,
        99,
        147,
        167,
        147,
        145,
        135,
        0,
        156,
        100,
        164,
        153,
        142,
        148,
        166,
        137
      ],
      [
        168,
        143,
        178,
        189,
        180,
        174,
        154,
        183,
        196,
        233,
        222,
        206,
        122,
        188,
        213,
        170,
        181,
        171,
        156,
        0,
        141,
        195,
        183,
        179,
        183,
        212,
        185
      ],
      [
        111,
        80,
        124,
        123,
        119,
        120,
        88,
        120,
        129,
        146,
        147,
        138,
        78,
        118,
        145,
        115,
        120,
        115,
        100,
        141,
        0,
        129,
        129,
        126,
        114,
        142,
        113
      ],
      [
        161,
        134,
        179,
        181,
        182,
        161,
        146,
        185,
        186,
        223,
        207,
        202,
        123,
        180,
        215,
        172,
        179,
        164,
        164,
        195,
        129,
        0,
        180,
        168,
        183,
        221,
        168
      ],
      [
        160,
        126,
        181,
        176,
        165,
        172,
        133,
        175,
        184,
        204,
        194,
        188,
        128,
        163,
        201,
        166,
        172,
        148,
        153,
        183,
        129,
        180,
        0,
        180,
        167,
        191,
        163
      ],
      [
        161,
        124,
        180,
        163,
        153,
        171,
        117,
        160,
        169,
        188,
        189,
        177,
        126,
        157,
        191,
        160,
        161,
        153,
        142,
        179,
        126,
        168,
        180,
        0,
        170,
        177,
        161
      ],
      [
        155,
        124,
        168,
        163,
        158,
        163,
        130,
        170,
        175,
        203,
        193,
        181,
        124,
        166,
        201,
        158,
        163,
        160,
        148,
        183,
        114,
        183,
        167,
        170,
        0,
        191,
        159
      ],
      [
        173,
        140,
        184,
        192,
        188,
        178,
        154,
        188,
        201,
        244,
        235,
        212,
        144,
        192,
        237,
        182,
        187,
        170,
        166,
        212,
        142,
        221,
        191,
        177,
        191,
        0,
        185
      ],
      [
        154,
        126,
        164,
        160,
        149,
        167,
        138,
        169,
        185,
        200,
        190,
        169,
        119,
        166,
        183,
        159,
        167,
        148,
        137,
        185,
        113,
        168,
        163,
        161,
        159,
        185,
        0
      ]
    ],
    "pair_records": [
      {
        "country_a": "Austria",
        "country_b": "Belgium",
        "distance": 0.151626,
        "pair_count": 123
      },
      {
        "country_a": "Austria",
        "country_b": "Bulgaria",
        "distance": 0.17463,
        "pair_count": 162
      },
      {
        "country_a": "Austria",
        "country_b": "Croatia",
        "distance": 0.163092,
        "pair_count": 152
      },
      {
        "country_a": "Austria",
        "country_b": "Cyprus",
        "distance": 0.158138,
        "pair_count": 145
      },
      {
        "country_a": "Austria",
        "country_b": "Czechia",
        "distance": 0.180955,
        "pair_count": 157
      },
      {
        "country_a": "Austria",
        "country_b": "Denmark",
        "distance": 0.232177,
        "pair_count": 124
      },
      {
        "country_a": "Austria",
        "country_b": "Estonia",
        "distance": 0.159684,
        "pair_count": 158
      },
      {
        "country_a": "Austria",
        "country_b": "Finland",
        "distance": 0.178232,
        "pair_count": 164
      },
      {
        "country_a": "Austria",
        "country_b": "France",
        "distance": 0.188641,
        "pair_count": 184
      },
      {
        "country_a": "Austria",
        "country_b": "Germany",
        "distance": 0.161967,
        "pair_count": 183
      },
      {
        "country_a": "Austria",
        "country_b": "Greece",
        "distance": 0.17247,
        "pair_count": 166
      },
      {
        "country_a": "Austria",
        "country_b": "Hungary",
        "distance": 0.231391,
        "pair_count": 115
      },
      {
        "country_a": "Austria",
        "country_b": "Ireland",
        "distance": 0.181854,
        "pair_count": 151
      },
      {
        "country_a": "Austria",
        "country_b": "Italy",
        "distance": 0.199176,
        "pair_count": 182
      },
      {
        "country_a": "Austria",
        "country_b": "Latvia",
        "distance": 0.149739,
        "pair_count": 153
      },
      {
        "country_a": "Austria",
        "country_b": "Lithuania",
        "distance": 0.164156,
        "pair_count": 154
      },
      {
        "country_a": "Austria",
        "country_b": "Luxembourg",
        "distance": 0.156078,
        "pair_count": 153
      },
      {
        "country_a": "Austria",
        "country_b": "Malta",
        "distance": 0.160152,
        "pair_count": 132
      },
      {
        "country_a": "Austria",
        "country_b": "Netherlands",
        "distance": 0.185893,
        "pair_count": 168
      },
      {
        "country_a": "Austria",
        "country_b": "Poland",
        "distance": 0.185676,
        "pair_count": 111
      },
      {
        "country_a": "Austria",
        "country_b": "Portugal",
        "distance": 0.156894,
        "pair_count": 161
      },
      {
        "country_a": "Austria",
        "country_b": "Romania",
        "distance": 0.193062,
        "pair_count": 160
      },
      {
        "country_a": "Austria",
        "country_b": "Slovakia",
        "distance": 0.193975,
        "pair_count": 161
      },
      {
        "country_a": "Austria",
        "country_b": "Slovenia",
        "distance": 0.150065,
        "pair_count": 155
      },
      {
        "country_a": "Austria",
        "country_b": "Spain",
        "distance": 0.213815,
        "pair_count": 173
      },
      {
        "country_a": "Austria",
        "country_b": "Sweden",
        "distance": 0.202792,
        "pair_count": 154
      },
      {
        "country_a": "Belgium",
        "country_b": "Bulgaria",
        "distance": 0.152984,
        "pair_count": 124
      },
      {
        "country_a": "Belgium",
        "country_b": "Croatia",
        "distance": 0.139925,
        "pair_count": 134
      },
      {
        "country_a": "Belgium",
        "country_b": "Cyprus",
        "distance": 0.132712,
        "pair_count": 118
      },
      {
        "country_a": "Belgium",
        "country_b": "Czechia",
        "distance": 0.171765,
        "pair_count": 119
      },
      {
        "country_a": "Belgium",
        "country_b": "Denmark",
        "distance": 0.141277,
        "pair_count": 94
      },
      {
        "country_a": "Belgium",
        "country_b": "Estonia",
        "distance": 0.154574,
        "pair_count": 129
      },
      {
        "country_a": "Belgium",
        "country_b": "Finland",
        "distance": 0.133282,
        "pair_count": 131
      },
      {
        "country_a": "Belgium",
        "country_b": "France",
        "distance": 0.139677,
        "pair_count": 155
      },
      {
        "country_a": "Belgium",
        "country_b": "Germany",
        "distance": 0.174228,
        "pair_count": 149
      },
      {
        "country_a": "Belgium",
        "country_b": "Greece",
        "distance": 0.134773,
        "pair_count": 132
      },
      {
        "country_a": "Belgium",
        "country_b": "Hungary",
        "distance": 0.206707,
        "pair_count": 82
      },
      {
        "country_a": "Belgium",
        "country_b": "Ireland",
        "distance": 0.130159,
        "pair_count": 126
      },
      {
        "country_a": "Belgium",
        "country_b": "Italy",
        "distance": 0.164658,
        "pair_count": 146
      },
      {
        "country_a": "Belgium",
        "country_b": "Latvia",
        "distance": 0.143387,
        "pair_count": 124
      },
      {
        "country_a": "Belgium",
        "country_b": "Lithuania",
        "distance": 0.12808,
        "pair_count": 125
      },
      {
        "country_a": "Belgium",
        "country_b": "Luxembourg",
        "distance": 0.134274,
        "pair_count": 124
      },
      {
        "country_a": "Belgium",
        "country_b": "Malta",
        "distance": 0.151284,
        "pair_count": 109
      },
      {
        "country_a": "Belgium",
        "country_b": "Netherlands",
        "distance": 0.125874,
        "pair_count": 143
      },
      {
        "country_a": "Belgium",
        "country_b": "Poland",
        "distance": 0.149625,
        "pair_count": 80
      },
      {
        "country_a": "Belgium",
        "country_b": "Portugal",
        "distance": 0.127015,
        "pair_count": 134
      },
      {
        "country_a": "Belgium",
        "country_b": "Romania",
        "distance": 0.147063,
        "pair_count": 126
      },
      {
        "country_a": "Belgium",
        "country_b": "Slovakia",
        "distance": 0.156129,
        "pair_count": 124
      },
      {
        "country_a": "Belgium",
        "country_b": "Slovenia",
        "distance": 0.15371,
        "pair_count": 124
      },
      {
        "country_a": "Belgium",
        "country_b": "Spain",
        "distance": 0.149,
        "pair_count": 140
      },
      {
        "country_a": "Belgium",
        "country_b": "Sweden",
        "distance": 0.175238,
        "pair_count": 126
      },
      {
        "country_a": "Bulgaria",
        "country_b": "Croatia",
        "distance": 0.115407,
        "pair_count": 172
      },
      {
        "country_a": "Bulgaria",
        "country_b": "Cyprus",
        "distance": 0.121205,
        "pair_count": 166
      },
      {
        "country_a": "Bulgaria",
        "country_b": "Czechia",
        "distance": 0.150417,
        "pair_count": 168
      },
      {
        "country_a": "Bulgaria",
        "country_b": "Denmark",
        "distance": 0.230625,
        "pair_count": 128
      },
      {
        "country_a": "Bulgaria",
        "country_b": "Estonia",
        "distance": 0.183706,
        "pair_count": 170
      },
      {
        "country_a": "Bulgaria",
        "country_b": "Finland",
        "distance": 0.191908,
        "pair_count": 173
      },
      {
        "country_a": "Bulgaria",
        "country_b": "France",
        "distance": 0.179585,
        "pair_count": 193
      },
      {
        "country_a": "Bulgaria",
        "country_b": "Germany",
        "distance": 0.210749,
        "pair_count": 187
      },
      {
        "country_a": "Bulgaria",
        "country_b": "Greece",
        "distance": 0.120324,
        "pair_count": 185
      },
      {
        "country_a": "Bulgaria",
        "country_b": "Hungary",
        "distance": 0.185682,
        "pair_count": 132
      },
      {
        "country_a": "Bulgaria",
        "country_b": "Ireland",
        "distance": 0.176951,
        "pair_count": 164
      },
      {
        "country_a": "Bulgaria",
        "country_b": "Italy",
        "distance": 0.147897,
        "pair_count": 195
      },
      {
        "country_a": "Bulgaria",
        "country_b": "Latvia",
        "distance": 0.135671,
        "pair_count": 164
      },
      {
        "country_a": "Bulgaria",
        "country_b": "Lithuania",
        "distance": 0.14381,
        "pair_count": 168
      },
      {
        "country_a": "Bulgaria",
        "country_b": "Luxembourg",
        "distance": 0.15298,
        "pair_count": 151
      },
      {
        "country_a": "Bulgaria",
        "country_b": "Malta",
        "distance": 0.120993,
        "pair_count": 151
      },
      {
        "country_a": "Bulgaria",
        "country_b": "Netherlands",
        "distance": 0.212247,
        "pair_count": 178
      },
      {
        "country_a": "Bulgaria",
        "country_b": "Poland",
        "distance": 0.132984,
        "pair_count": 124
      },
      {
        "country_a": "Bulgaria",
        "country_b": "Portugal",
        "distance": 0.127765,
        "pair_count": 179
      },
      {
        "country_a": "Bulgaria",
        "country_b": "Romania",
        "distance": 0.121823,
        "pair_count": 181
      },
      {
        "country_a": "Bulgaria",
        "country_b": "Slovakia",
        "distance": 0.131778,
        "pair_count": 180
      },
      {
        "country_a": "Bulgaria",
        "country_b": "Slovenia",
        "distance": 0.158095,
        "pair_count": 168
      },
      {
        "country_a": "Bulgaria",
        "country_b": "Spain",
        "distance": 0.189946,
        "pair_count": 184
      },
      {
        "country_a": "Bulgaria",
        "country_b": "Sweden",
        "distance": 0.225549,
        "pair_count": 164
      },
      {
        "country_a": "Croatia",
        "country_b": "Cyprus",
        "distance": 0.086627,
        "pair_count": 169
      },
      {
        "country_a": "Croatia",
        "country_b": "Czechia",
        "distance": 0.145613,
        "pair_count": 155
      },
      {
        "country_a": "Croatia",
        "country_b": "Denmark",
        "distance": 0.173955,
        "pair_count": 134
      },
      {
        "country_a": "Croatia",
        "country_b": "Estonia",
        "distance": 0.117407,
        "pair_count": 162
      },
      {
        "country_a": "Croatia",
        "country_b": "Finland",
        "distance": 0.133988,
        "pair_count": 173
      },
      {
        "country_a": "Croatia",
        "country_b": "France",
        "distance": 0.13559,
        "pair_count": 195
      },
      {
        "country_a": "Croatia",
        "country_b": "Germany",
        "distance": 0.195158,
        "pair_count": 190
      },
      {
        "country_a": "Croatia",
        "country_b": "Greece",
        "distance": 0.097754,
        "pair_count": 187
      },
      {
        "country_a": "Croatia",
        "country_b": "Hungary",
        "distance": 0.193707,
        "pair_count": 116
      },
      {
        "country_a": "Croatia",
        "country_b": "Ireland",
        "distance": 0.135723,
        "pair_count": 166
      },
      {
        "country_a": "Croatia",
        "country_b": "Italy",
        "distance": 0.1425,
        "pair_count": 200
      },
      {
        "country_a": "Croatia",
        "country_b": "Latvia",
        "distance": 0.113413,
        "pair_count": 167
      },
      {
        "country_a": "Croatia",
        "country_b": "Lithuania",
        "distance": 0.103452,
        "pair_count": 168
      },
      {
        "country_a": "Croatia",
        "country_b": "Luxembourg",
        "distance": 0.1194,
        "pair_count": 150
      },
      {
        "country_a": "Croatia",
        "country_b": "Malta",
        "distance": 0.094605,
        "pair_count": 152
      },
      {
        "country_a": "Croatia",
        "country_b": "Netherlands",
        "distance": 0.173598,
        "pair_count": 189
      },
      {
        "country_a": "Croatia",
        "country_b": "Poland",
        "distance": 0.13878,
        "pair_count": 123
      },
      {
        "country_a": "Croatia",
        "country_b": "Portugal",
        "distance": 0.111326,
        "pair_count": 181
      },
      {
        "country_a": "Croatia",
        "country_b": "Romania",
        "distance": 0.114489,
        "pair_count": 176
      },
      {
        "country_a": "Croatia",
        "country_b": "Slovakia",
        "distance": 0.135276,
        "pair_count": 163
      },
      {
        "country_a": "Croatia",
        "country_b": "Slovenia",
        "distance": 0.112025,
        "pair_count": 163
      },
      {
        "country_a": "Croatia",
        "country_b": "Spain",
        "distance": 0.143698,
        "pair_count": 192
      },
      {
        "country_a": "Croatia",
        "country_b": "Sweden",
        "distance": 0.173812,
        "pair_count": 160
      },
      {
        "country_a": "Cyprus",
        "country_b": "Czechia",
        "distance": 0.13911,
        "pair_count": 146
      },
      {
        "country_a": "Cyprus",
        "country_b": "Denmark",
        "distance": 0.16963,
        "pair_count": 135
      },
      {
        "country_a": "Cyprus",
        "country_b": "Estonia",
        "distance": 0.112961,
        "pair_count": 152
      },
      {
        "country_a": "Cyprus",
        "country_b": "Finland",
        "distance": 0.135063,
        "pair_count": 160
      },
      {
        "country_a": "Cyprus",
        "country_b": "France",
        "distance": 0.131164,
        "pair_count": 189
      },
      {
        "country_a": "Cyprus",
        "country_b": "Germany",
        "distance": 0.165111,
        "pair_count": 180
      },
      {
        "country_a": "Cyprus",
        "country_b": "Greece",
        "distance": 0.077202,
        "pair_count": 193
      },
      {
        "country_a": "Cyprus",
        "country_b": "Hungary",
        "distance": 0.188692,
        "pair_count": 107
      },
      {
        "country_a": "Cyprus",
        "country_b": "Ireland",
        "distance": 0.119632,
        "pair_count": 163
      },
      {
        "country_a": "Cyprus",
        "country_b": "Italy",
        "distance": 0.132347,
        "pair_count": 196
      },
      {
        "country_a": "Cyprus",
        "country_b": "Latvia",
        "distance": 0.110867,
        "pair_count": 150
      },
      {
        "country_a": "Cyprus",
        "country_b": "Lithuania",
        "distance": 0.096369,
        "pair_count": 157
      },
      {
        "country_a": "Cyprus",
        "country_b": "Luxembourg",
        "distance": 0.112568,
        "pair_count": 148
      },
      {
        "country_a": "Cyprus",
        "country_b": "Malta",
        "distance": 0.091558,
        "pair_count": 154
      },
      {
        "country_a": "Cyprus",
        "country_b": "Netherlands",
        "distance": 0.162333,
        "pair_count": 180
      },
      {
        "country_a": "Cyprus",
        "country_b": "Poland",
        "distance": 0.114622,
        "pair_count": 119
      },
      {
        "country_a": "Cyprus",
        "country_b": "Portugal",
        "distance": 0.102253,
        "pair_count": 182
      },
      {
        "country_a": "Cyprus",
        "country_b": "Romania",
        "distance": 0.104121,
        "pair_count": 165
      },
      {
        "country_a": "Cyprus",
        "country_b": "Slovakia",
        "distance": 0.134248,
        "pair_count": 153
      },
      {
        "country_a": "Cyprus",
        "country_b": "Slovenia",
        "distance": 0.116076,
