{
  "generated_at": "2025-11-15T16:37:49.291405+00:00",
  "parameters": {
    "outputs_dir": "outputs_combined",
    "min_pair_count": 3
  },
  "label": "Economic and Financial Affairs Council",
  "category": "council",
  "min_pair_threshold": 3,
  "data": {
    "countries": [
      "Belgium",
      "Bulgaria",
      "Croatia",
      "Cyprus",
      "Czechia",
      "Denmark",
      "Estonia",
      "Finland",
      "France",
      "Germany",
      "Greece",
      "Ireland",
      "Italy",
      "Latvia",
      "Lithuania",
      "Luxembourg",
      "Malta",
      "Netherlands",
      "Poland",
      "Portugal",
      "Romania",
      "Spain",
      "Sweden"
    ],
    "distance_matrix": [
      [
        0.0,
        0.1,
        0.14,
        0.183333,
        0.09,
        0.1075,
        0.225,
        0.05,
        0.1725,
        0.27,
        0.073333,
        0.126667,
        0.16,
        0.166667,
        0.055,
        0.225,
        0.14,
        0.1875,
        0.123333,
        0.143333,
        0.145,
        0.116,
        0.21
      ],
      [
        0.1,
        0.0,
        0.04,
        0.083333,
        0.13,
        0.102,
        0.363333,
        0.0525,
        0.266,
        0.16,
        0.0575,
        0.045,
        0.04,
        0.05,
        0.086667,
        0.033333,
        0.09,
        0.2375,
        0.0225,
        0.0075,
        0.066,
        0.062,
        0.185
      ],
      [
        0.14,
        0.04,
        0.0,
        0.125,
        0.125,
        0.156667,
        0.025,
        0.11,
        0.24,
        0.266667,
        0.16,
        0.085,
        0.05,
        0.1,
        0.18,
        0.05,
        0.22,
        0.34,
        0.05,
        0.035,
        0.096667,
        0.083333,
        0.35
      ],
      [
        0.183333,
        0.083333,
        0.125,
        0.0,
        0.126667,
        0.123333,
        0.1,
        0.025,
        0.4,
        0.15,
        0.123333,
        0.09,
        0.123333,
        0.016667,
        0.105,
        0.05,
        0.235,
        0.293333,
        0.125,
        0.093333,
        0.076667,
        0.053333,
        0.293333
      ],
      [
        0.09,
        0.13,
        0.125,
        0.126667,
        0.0,
        0.065,
        0.316667,
        0.126667,
        0.288,
        0.235,
        0.1275,
        0.1,
        0.103333,
        0.155,
        0.123333,
        0.173333,
        0.196667,
        0.2975,
        0.265,
        0.21,
        0.1225,
        0.228,
        0.195
      ],
      [
        0.1075,
        0.102,
        0.156667,
        0.123333,
        0.065,
        0.0,
        0.383333,
        0.07,
        0.224,
        0.162,
        0.0625,
        0.075,
        0.1,
        0.115,
        0.093333,
        0.12,
        0.11,
        0.155,
        0.145,
        0.0975,
        0.088,
        0.116,
        0.16
      ],
      [
        0.225,
        0.363333,
        0.025,
        0.1,
        0.316667,
        0.383333,
        0.0,
        0.525,
        0.483333,
        0.503333,
        0.44,
        0.386667,
        0.075,
        0.363333,
        0.56,
        0.47,
        0.605,
        0.415,
        0.37,
        0.353333,
        0.35,
        0.373333,
        0.56
      ],
      [
        0.05,
        0.0525,
        0.11,
        0.025,
        0.126667,
        0.07,
        0.525,
        0.0,
        0.26,
        0.135,
        0.023333,
        0.02,
        0.09,
        0.02,
        0.056667,
        0.03,
        0.08,
        0.173333,
        0.076667,
        0.046667,
        0.0375,
        0.0525,
        0.183333
      ],
      [
        0.1725,
        0.266,
        0.24,
        0.4,
        0.288,
        0.224,
        0.483333,
        0.26,
        0.0,
        0.306,
        0.27,
        0.2925,
        0.376667,
        0.3475,
        0.243333,
        0.363333,
        0.306667,
        0.176,
        0.184,
        0.278,
        0.3,
        0.223333,
        0.2375
      ],
      [
        0.27,
        0.16,
        0.266667,
        0.15,
        0.235,
        0.162,
        0.503333,
        0.135,
        0.306,
        0.0,
        0.1725,
        0.135,
        0.24,
        0.105,
        0.156667,
        0.023333,
        0.146667,
        0.1675,
        0.2125,
        0.1625,
        0.126,
        0.13,
        0.115
      ],
      [
        0.073333,
        0.0575,
        0.16,
        0.123333,
        0.1275,
        0.0625,
        0.44,
        0.023333,
        0.27,
        0.1725,
        0.0,
        0.0675,
        0.113333,
        0.0825,
        0.066667,
        0.086667,
        0.043333,
        0.17,
        0.076667,
        0.065,
        0.08,
        0.09,
        0.1575
      ],
      [
        0.126667,
        0.045,
        0.085,
        0.09,
        0.1,
        0.075,
        0.386667,
        0.02,
        0.2925,
        0.135,
        0.0675,
        0.0,
        0.086667,
        0.055,
        0.036667,
        0.04,
        0.116667,
        0.236667,
        0.05,
        0.0525,
        0.0275,
        0.0275,
        0.155
      ],
      [
        0.16,
        0.04,
        0.05,
        0.123333,
        0.103333,
        0.1,
        0.075,
        0.09,
        0.376667,
        0.24,
        0.113333,
        0.086667,
        0.0,
        0.106667,
        0.17,
        0.06,
        0.145,
        0.283333,
        0.05,
        0.03,
        0.066667,
        0.116667,
        0.27
      ],
      [
        0.166667,
        0.05,
        0.1,
        0.016667,
        0.155,
        0.115,
        0.363333,
        0.02,
        0.3475,
        0.105,
        0.0825,
        0.055,
        0.106667,
        0.0,
        0.07,
        0.016667,
        0.14,
        0.276667,
        0.073333,
        0.0575,
        0.0475,
        0.0275,
        0.21
      ],
      [
        0.055,
        0.086667,
        0.18,
        0.105,
        0.123333,
        0.093333,
        0.56,
        0.056667,
        0.243333,
        0.156667,
        0.066667,
        0.036667,
        0.17,
        0.07,
        0.0,
        0.065,
        0.115,
        0.2,
        0.075,
        0.096667,
        0.066667,
        0.04,
        0.126667
      ],
      [
        0.225,
        0.033333,
        0.05,
        0.05,
        0.173333,
        0.12,
        0.47,
        0.03,
        0.363333,
        0.023333,
        0.086667,
        0.04,
        0.06,
        0.016667,
        0.065,
        0.0,
        0.123333,
        0.24,
        0.06,
        0.033333,
        0.036667,
        0.023333,
        0.113333
      ],
      [
        0.14,
        0.09,
        0.22,
        0.235,
        0.196667,
        0.11,
        0.605,
        0.08,
        0.306667,
        0.146667,
        0.043333,
        0.116667,
        0.145,
        0.14,
        0.115,
        0.123333,
        0.0,
        0.105,
        0.095,
        0.09,
        0.126667,
        0.146667,
        0.103333
      ],
      [
        0.1875,
        0.2375,
        0.34,
        0.293333,
        0.2975,
        0.155,
        0.415,
        0.173333,
        0.176,
        0.1675,
        0.17,
        0.236667,
        0.283333,
        0.276667,
        0.2,
        0.24,
        0.105,
        0.0,
        0.26,
        0.1975,
        0.2075,
        0.232,
        0.186667
      ],
      [
        0.123333,
        0.0225,
        0.05,
        0.125,
        0.265,
        0.145,
        0.37,
        0.076667,
        0.184,
        0.2125,
        0.076667,
        0.05,
        0.05,
        0.073333,
        0.075,
        0.06,
        0.095,
        0.26,
        0.0,
        0.0375,
        0.0925,
        0.062,
        0.21
      ],
      [
        0.143333,
        0.0075,
        0.035,
        0.093333,
        0.21,
        0.0975,
        0.353333,
        0.046667,
        0.278,
        0.1625,
        0.065,
        0.0525,
        0.03,
        0.0575,
        0.096667,
        0.033333,
        0.09,
        0.1975,
        0.0375,
        0.0,
        0.04,
        0.086,
        0.1925
      ],
      [
        0.145,
        0.066,
        0.096667,
        0.076667,
        0.1225,
        0.088,
        0.35,
        0.0375,
        0.3,
        0.126,
        0.08,
        0.0275,
        0.066667,
        0.0475,
        0.066667,
        0.036667,
        0.126667,
        0.2075,
        0.0925,
        0.04,
        0.0,
        0.084,
        0.1775
      ],
      [
        0.116,
        0.062,
        0.083333,
        0.053333,
        0.228,
        0.116,
        0.373333,
        0.0525,
        0.223333,
        0.13,
        0.09,
        0.0275,
        0.116667,
        0.0275,
        0.04,
        0.023333,
        0.146667,
        0.232,
        0.062,
        0.086,
        0.084,
        0.0,
        0.1825
      ],
      [
        0.21,
        0.185,
        0.35,
        0.293333,
        0.195,
        0.16,
        0.56,
        0.183333,
        0.2375,
        0.115,
        0.1575,
        0.155,
        0.27,
        0.21,
        0.126667,
        0.113333,
        0.103333,
        0.186667,
        0.21,
        0.1925,
        0.1775,
        0.1825,
        0.0
      ]
    ],
    "pair_count_matrix": [
      [
        0,
        4,
        3,
        3,
        3,
        4,
        2,
        3,
        4,
        4,
        3,
        3,
        3,
        3,
        2,
        2,
        2,
        4,
        3,
        3,
        4,
        5,
        3
      ],
      [
        4,
        0,
        3,
        3,
        4,
        5,
        3,
        4,
        5,
        5,
        4,
        4,
        3,
        4,
        3,
        3,
        3,
        4,
        4,
        4,
        5,
        5,
        4
      ],
      [
        3,
        3,
        0,
        2,
        2,
        3,
        2,
        2,
        3,
        3,
        2,
        2,
        2,
        2,
        1,
        1,
        1,
        3,
        3,
        2,
        3,
        3,
        2
      ],
      [
        3,
        3,
        2,
        0,
        3,
        3,
        2,
        2,
        3,
        3,
        3,
        3,
        3,
        3,
        2,
        2,
        2,
        3,
        2,
        3,
        3,
        3,
        3
      ],
      [
        3,
        4,
        2,
        3,
        0,
        4,
        3,
        3,
        5,
        4,
        4,
        4,
        3,
        4,
        3,
        3,
        3,
        4,
        4,
        5,
        4,
        5,
        4
      ],
      [
        4,
        5,
        3,
        3,
        4,
        0,
        3,
        4,
        5,
        5,
        4,
        4,
        3,
        4,
        3,
        3,
        3,
        4,
        4,
        4,
        5,
        5,
        4
      ],
      [
        2,
        3,
        2,
        2,
        3,
        3,
        0,
        2,
        3,
        3,
        3,
        3,
        2,
        3,
        2,
        2,
        2,
        2,
        3,
        3,
        3,
        3,
        3
      ],
      [
        3,
        4,
        2,
        2,
        3,
        4,
        2,
        0,
        4,
        4,
        3,
        3,
        2,
        3,
        3,
        2,
        2,
        3,
        3,
        3,
        4,
        4,
        3
      ],
      [
        4,
        5,
        3,
        3,
        5,
        5,
        3,
        4,
        0,
        5,
        4,
        4,
        3,
        4,
        3,
        3,
        3,
        5,
        5,
        5,
        5,
        6,
        4
      ],
      [
        4,
        5,
        3,
        3,
        4,
        5,
        3,
        4,
        5,
        0,
        4,
        4,
        3,
        4,
        3,
        3,
        3,
        4,
        4,
        4,
        5,
        5,
        4
      ],
      [
        3,
        4,
        2,
        3,
        4,
        4,
        3,
        3,
        4,
        4,
        0,
        4,
        3,
        4,
        3,
        3,
        3,
        3,
        3,
        4,
        4,
        4,
        4
      ],
      [
        3,
        4,
        2,
        3,
        4,
        4,
        3,
        3,
        4,
        4,
        4,
        0,
        3,
        4,
        3,
        3,
        3,
        3,
        3,
        4,
        4,
        4,
        4
      ],
      [
        3,
        3,
        2,
        3,
        3,
        3,
        2,
        2,
        3,
        3,
        3,
        3,
        0,
        3,
        2,
        2,
        2,
        3,
        2,
        3,
        3,
        3,
        3
      ],
      [
        3,
        4,
        2,
        3,
        4,
        4,
        3,
        3,
        4,
        4,
        4,
        4,
        3,
        0,
        3,
        3,
        3,
        3,
        3,
        4,
        4,
        4,
        4
      ],
      [
        2,
        3,
        1,
        2,
        3,
        3,
        2,
        3,
        3,
        3,
        3,
        3,
        2,
        3,
        0,
        2,
        2,
        2,
        2,
        3,
        3,
        3,
        3
      ],
      [
        2,
        3,
        1,
        2,
        3,
        3,
        2,
        2,
        3,
        3,
        3,
        3,
        2,
        3,
        2,
        0,
        3,
        2,
        2,
        3,
        3,
        3,
        3
      ],
      [
        2,
        3,
        1,
        2,
        3,
        3,
        2,
        2,
        3,
        3,
        3,
        3,
        2,
        3,
        2,
        3,
        0,
        2,
        2,
        3,
        3,
        3,
        3
      ],
      [
        4,
        4,
        3,
        3,
        4,
        4,
        2,
        3,
        5,
        4,
        3,
        3,
        3,
        3,
        2,
        2,
        2,
        0,
        4,
        4,
        4,
        5,
        3
      ],
      [
        3,
        4,
        3,
        2,
        4,
        4,
        3,
        3,
        5,
        4,
        3,
        3,
        2,
        3,
        2,
        2,
        2,
        4,
        0,
        4,
        4,
        5,
        3
      ],
      [
        3,
        4,
        2,
        3,
        5,
        4,
        3,
        3,
        5,
        4,
        4,
        4,
        3,
        4,
        3,
        3,
        3,
        4,
        4,
        0,
        4,
        5,
        4
      ],
      [
        4,
        5,
        3,
        3,
        4,
        5,
        3,
        4,
        5,
        5,
        4,
        4,
        3,
        4,
        3,
        3,
        3,
        4,
        4,
        4,
        0,
        5,
        4
      ],
      [
        5,
        5,
        3,
        3,
        5,
        5,
        3,
        4,
        6,
        5,
        4,
        4,
        3,
        4,
        3,
        3,
        3,
        5,
        5,
        5,
        5,
        0,
        4
      ],
      [
        3,
        4,
        2,
        3,
        4,
        4,
        3,
        3,
        4,
        4,
        4,
        4,
        3,
        4,
        3,
        3,
        3,
        3,
        3,
        4,
        4,
        4,
        0
      ]
    ],
    "pair_records": [
      {
        "country_a": "Belgium",
        "country_b": "Bulgaria",
        "distance": 0.1,
        "pair_count": 4
      },
      {
        "country_a": "Belgium",
        "country_b": "Croatia",
        "distance": 0.14,
        "pair_count": 3
      },
      {
        "country_a": "Belgium",
        "country_b": "Cyprus",
        "distance": 0.183333,
        "pair_count": 3
      },
      {
        "country_a": "Belgium",
        "country_b": "Czechia",
        "distance": 0.09,
        "pair_count": 3
      },
      {
        "country_a": "Belgium",
        "country_b": "Denmark",
        "distance": 0.1075,
        "pair_count": 4
      },
      {
        "country_a": "Belgium",
        "country_b": "Estonia",
        "distance": 0.225,
        "pair_count": 2
      },
      {
        "country_a": "Belgium",
        "country_b": "Finland",
        "distance": 0.05,
        "pair_count": 3
      },
      {
        "country_a": "Belgium",
        "country_b": "France",
        "distance": 0.1725,
        "pair_count": 4
      },
      {
        "country_a": "Belgium",
        "country_b": "Germany",
        "distance": 0.27,
        "pair_count": 4
      },
      {
        "country_a": "Belgium",
        "country_b": "Greece",
        "distance": 0.073333,
        "pair_count": 3
      },
      {
        "country_a": "Belgium",
        "country_b": "Ireland",
        "distance": 0.126667,
        "pair_count": 3
      },
      {
        "country_a": "Belgium",
        "country_b": "Italy",
        "distance": 0.16,
        "pair_count": 3
      },
      {
        "country_a": "Belgium",
        "country_b": "Latvia",
        "distance": 0.166667,
        "pair_count": 3
      },
      {
        "country_a": "Belgium",
        "country_b": "Lithuania",
        "distance": 0.055,
        "pair_count": 2
      },
      {
        "country_a": "Belgium",
        "country_b": "Luxembourg",
        "distance": 0.225,
        "pair_count": 2
      },
      {
        "country_a": "Belgium",
        "country_b": "Malta",
        "distance": 0.14,
        "pair_count": 2
      },
      {
        "country_a": "Belgium",
        "country_b": "Netherlands",
        "distance": 0.1875,
        "pair_count": 4
      },
      {
        "country_a": "Belgium",
        "country_b": "Poland",
        "distance": 0.123333,
        "pair_count": 3
      },
      {
        "country_a": "Belgium",
        "country_b": "Portugal",
        "distance": 0.143333,
        "pair_count": 3
      },
      {
        "country_a": "Belgium",
        "country_b": "Romania",
        "distance": 0.145,
        "pair_count": 4
      },
      {
        "country_a": "Belgium",
        "country_b": "Spain",
        "distance": 0.116,
        "pair_count": 5
      },
      {
        "country_a": "Belgium",
        "country_b": "Sweden",
        "distance": 0.21,
        "pair_count": 3
      },
      {
        "country_a": "Bulgaria",
        "country_b": "Croatia",
        "distance": 0.04,
        "pair_count": 3
      },
      {
        "country_a": "Bulgaria",
        "country_b": "Cyprus",
        "distance": 0.083333,
        "pair_count": 3
      },
      {
        "country_a": "Bulgaria",
        "country_b": "Czechia",
        "distance": 0.13,
        "pair_count": 4
      },
      {
        "country_a": "Bulgaria",
        "country_b": "Denmark",
        "distance": 0.102,
        "pair_count": 5
      },
      {
        "country_a": "Bulgaria",
        "country_b": "Estonia",
        "distance": 0.363333,
        "pair_count": 3
      },
      {
        "country_a": "Bulgaria",
        "country_b": "Finland",
        "distance": 0.0525,
        "pair_count": 4
      },
      {
        "country_a": "Bulgaria",
        "country_b": "France",
        "distance": 0.266,
        "pair_count": 5
      },
      {
        "country_a": "Bulgaria",
        "country_b": "Germany",
        "distance": 0.16,
        "pair_count": 5
      },
      {
        "country_a": "Bulgaria",
        "country_b": "Greece",
        "distance": 0.0575,
        "pair_count": 4
      },
      {
        "country_a": "Bulgaria",
        "country_b": "Ireland",
        "distance": 0.045,
        "pair_count": 4
      },
      {
        "country_a": "Bulgaria",
        "country_b": "Italy",
        "distance": 0.04,
        "pair_count": 3
      },
      {
        "country_a": "Bulgaria",
        "country_b": "Latvia",
        "distance": 0.05,
        "pair_count": 4
      },
      {
        "country_a": "Bulgaria",
        "country_b": "Lithuania",
        "distance": 0.086667,
        "pair_count": 3
      },
      {
        "country_a": "Bulgaria",
        "country_b": "Luxembourg",
        "distance": 0.033333,
        "pair_count": 3
      },
      {
        "country_a": "Bulgaria",
        "country_b": "Malta",
        "distance": 0.09,
        "pair_count": 3
      },
      {
        "country_a": "Bulgaria",
        "country_b": "Netherlands",
        "distance": 0.2375,
        "pair_count": 4
      },
      {
        "country_a": "Bulgaria",
        "country_b": "Poland",
        "distance": 0.0225,
        "pair_count": 4
      },
      {
        "country_a": "Bulgaria",
        "country_b": "Portugal",
        "distance": 0.0075,
        "pair_count": 4
      },
      {
        "country_a": "Bulgaria",
        "country_b": "Romania",
        "distance": 0.066,
        "pair_count": 5
      },
      {
        "country_a": "Bulgaria",
        "country_b": "Spain",
        "distance": 0.062,
        "pair_count": 5
      },
      {
        "country_a": "Bulgaria",
        "country_b": "Sweden",
        "distance": 0.185,
        "pair_count": 4
      },
      {
        "country_a": "Croatia",
        "country_b": "Cyprus",
        "distance": 0.125,
        "pair_count": 2
      },
      {
        "country_a": "Croatia",
        "country_b": "Czechia",
        "distance": 0.125,
        "pair_count": 2
      },
      {
        "country_a": "Croatia",
        "country_b": "Denmark",
        "distance": 0.156667,
        "pair_count": 3
      },
      {
        "country_a": "Croatia",
        "country_b": "Estonia",
        "distance": 0.025,
        "pair_count": 2
      },
      {
        "country_a": "Croatia",
        "country_b": "Finland",
        "distance": 0.11,
        "pair_count": 2
      },
      {
        "country_a": "Croatia",
        "country_b": "France",
        "distance": 0.24,
        "pair_count": 3
      },
      {
        "country_a": "Croatia",
        "country_b": "Germany",
        "distance": 0.266667,
        "pair_count": 3
      },
      {
        "country_a": "Croatia",
        "country_b": "Greece",
        "distance": 0.16,
        "pair_count": 2
      },
      {
        "country_a": "Croatia",
        "country_b": "Ireland",
        "distance": 0.085,
        "pair_count": 2
      },
      {
        "country_a": "Croatia",
        "country_b": "Italy",
        "distance": 0.05,
        "pair_count": 2
      },
      {
        "country_a": "Croatia",
        "country_b": "Latvia",
        "distance": 0.1,
        "pair_count": 2
      },
      {
        "country_a": "Croatia",
        "country_b": "Lithuania",
        "distance": 0.18,
        "pair_count": 1
      },
      {
        "country_a": "Croatia",
        "country_b": "Luxembourg",
        "distance": 0.05,
        "pair_count": 1
      },
      {
        "country_a": "Croatia",
        "country_b": "Malta",
        "distance": 0.22,
        "pair_count": 1
      },
      {
        "country_a": "Croatia",
        "country_b": "Netherlands",
        "distance": 0.34,
        "pair_count": 3
      },
      {
        "country_a": "Croatia",
        "country_b": "Poland",
        "distance": 0.05,
        "pair_count": 3
      },
      {
        "country_a": "Croatia",
        "country_b": "Portugal",
        "distance": 0.035,
        "pair_count": 2
      },
      {
        "country_a": "Croatia",
        "country_b": "Romania",
        "distance": 0.096667,
        "pair_count": 3
      },
      {
        "country_a": "Croatia",
        "country_b": "Spain",
        "distance": 0.083333,
        "pair_count": 3
      },
      {
        "country_a": "Croatia",
        "country_b": "Sweden",
        "distance": 0.35,
        "pair_count": 2
      },
      {
        "country_a": "Cyprus",
        "country_b": "Czechia",
        "distance": 0.126667,
        "pair_count": 3
      },
      {
        "country_a": "Cyprus",
        "country_b": "Denmark",
        "distance": 0.123333,
        "pair_count": 3
      },
      {
        "country_a": "Cyprus",
        "country_b": "Estonia",
        "distance": 0.1,
        "pair_count": 2
      },
      {
        "country_a": "Cyprus",
        "country_b": "Finland",
        "distance": 0.025,
        "pair_count": 2
      },
      {
        "country_a": "Cyprus",
        "country_b": "France",
        "distance": 0.4,
        "pair_count": 3
      },
      {
        "country_a": "Cyprus",
        "country_b": "Germany",
        "distance": 0.15,
        "pair_count": 3
      },
      {
        "country_a": "Cyprus",
        "country_b": "Greece",
        "distance": 0.123333,
        "pair_count": 3
      },
      {
        "country_a": "Cyprus",
        "country_b": "Ireland",
        "distance": 0.09,
        "pair_count": 3
      },
      {
        "country_a": "Cyprus",
        "country_b": "Italy",
        "distance": 0.123333,
        "pair_count": 3
      },
      {
        "country_a": "Cyprus",
        "country_b": "Latvia",
        "distance": 0.016667,
        "pair_count": 3
      },
      {
        "country_a": "Cyprus",
        "country_b": "Lithuania",
        "distance": 0.105,
        "pair_count": 2
      },
      {
        "country_a": "Cyprus",
        "country_b": "Luxembourg",
        "distance": 0.05,
        "pair_count": 2
      },
      {
        "country_a": "Cyprus",
        "country_b": "Malta",
        "distance": 0.235,
        "pair_count": 2
      },
      {
        "country_a": "Cyprus",
        "country_b": "Netherlands",
        "distance": 0.293333,
        "pair_count": 3
      },
      {
        "country_a": "Cyprus",
        "country_b": "Poland",
        "distance": 0.125,
        "pair_count": 2
      },
      {
        "country_a": "Cyprus",
        "country_b": "Portugal",
        "distance": 0.093333,
        "pair_count": 3
      },
      {
        "country_a": "Cyprus",
        "country_b": "Romania",
        "distance": 0.076667,
        "pair_count": 3
      },
      {
        "country_a": "Cyprus",
        "country_b": "Spain",
        "distance": 0.053333,
        "pair_count": 3
      },
      {
        "country_a": "Cyprus",
        "country_b": "Sweden",
        "distance": 0.293333,
        "pair_count": 3
      },
      {
        "country_a": "Czechia",
        "country_b": "Denmark",
        "distance": 0.065,
        "pair_count": 4
      },
      {
        "country_a": "Czechia",
        "country_b": "Estonia",
        "distance": 0.316667,
        "pair_count": 3
      },
      {
        "country_a": "Czechia",
        "country_b": "Finland",
        "distance": 0.126667,
        "pair_count": 3
      },
      {
        "country_a": "Czechia",
        "country_b": "France",
        "distance": 0.288,
        "pair_count": 5
      },
      {
        "country_a": "Czechia",
        "country_b": "Germany",
        "distance": 0.235,
        "pair_count": 4
      },
      {
        "country_a": "Czechia",
        "country_b": "Greece",
        "distance": 0.1275,
        "pair_count": 4
      },
      {
        "country_a": "Czechia",
        "country_b": "Ireland",
        "distance": 0.1,
        "pair_count": 4
      },
      {
        "country_a": "Czechia",
        "country_b": "Italy",
        "distance": 0.103333,
        "pair_count": 3
      },
      {
        "country_a": "Czechia",
        "country_b": "Latvia",
        "distance": 0.155,
        "pair_count": 4
      },
      {
        "country_a": "Czechia",
        "country_b": "Lithuania",
        "distance": 0.123333,
        "pair_count": 3
      },
      {
        "country_a": "Czechia",
        "country_b": "Luxembourg",
        "distance": 0.173333,
        "pair_count": 3
      },
      {
        "country_a": "Czechia",
        "country_b": "Malta",
        "distance": 0.196667,
        "pair_count": 3
      },
      {
        "country_a": "Czechia",
        "country_b": "Netherlands",
        "distance": 0.2975,
        "pair_count": 4
      },
      {
        "country_a": "Czechia",
        "country_b": "Poland",
        "distance": 0.265,
        "pair_count": 4
      },
      {
        "country_a": "Czechia",
        "country_b": "Portugal",
        "distance": 0.21,
        "pair_count": 5
      },
      {
        "country_a": "Czechia",
        "country_b": "Romania",
        "distance": 0.1225,
        "pair_count": 4
      },
      {
        "country_a": "Czechia",
        "country_b": "Spain",
        "distance": 0.228,
        "pair_count": 5
      },
      {
        "country_a": "Czechia",
        "country_b": "Sweden",
        "distance": 0.195,
        "pair_count": 4
      },
      {
        "country_a": "Denmark",
        "country_b": "Estonia",
        "distance": 0.383333,
        "pair_count": 3
      },
      {
        "country_a": "Denmark",
        "country_b": "Finland",
        "distance": 0.07,
        "pair_count": 4
      },
      {
        "country_a": "Denmark",
        "country_b": "France",
        "distance": 0.224,
        "pair_count": 5
      },
      {
        "country_a": "Denmark",
        "country_b": "Germany",
        "distance": 0.162,
        "pair_count": 5
      },
      {
        "country_a": "Denmark",
        "country_b": "Greece",
        "distance": 0.0625,
        "pair_count": 4
      },
      {
        "country_a": "Denmark",
        "country_b": "Ireland",
        "distance": 0.075,
        "pair_count": 4
      },
      {
        "country_a": "Denmark",
        "country_b": "Italy",
        "distance": 0.1,
        "pair_count": 3
      },
      {
        "country_a": "Denmark",
        "country_b": "Latvia",
        "distance": 0.115,
        "pair_count": 4
      },
      {
        "country_a": "Denmark",
        "country_b": "Lithuania",
        "distance": 0.093333,
        "pair_count": 3
      },
      {
        "country_a": "Denmark",
        "country_b": "Luxembourg",
        "distance": 0.12,
        "pair_count": 3
      },
      {
        "country_a": "Denmark",
        "country_b": "Malta",
        "distance": 0.11,
        "pair_count": 3
      },
      {
        "country_a": "Denmark",
        "country_b": "Netherlands",
        "distance": 0.155,
        "pair_count": 4
      },
      {
        "country_a": "Denmark",
        "country_b": "Poland",
        "distance": 0.145,
        "pair_count": 4
      },
      {
        "country_a": "Denmark",
        "country_b": "Portugal",
        "distance": 0.0975,
        "pair_count": 4
      },
      {
        "country_a": "Denmark",
        "country_b": "Romania",
        "distance": 0.088,
        "pair_count": 5
      },
      {
        "country_a": "Denmark",
        "country_b": "Spain",
        "distance": 0.116,
        "pair_count": 5
      },
      {
        "country_a": "Denmark",
        "country_b": "Sweden",
        "distance": 0.16,
        "pair_count": 4
      },
      {
        "country_a": "Estonia",
        "country_b": "Finland",
        "distance": 0.525,
        "pair_count": 2
      },
      {
        "country_a": "Estonia",
        "country_b": "France",
        "distance": 0.483333,
        "pair_count": 3
      },
      {
        "country_a": "Estonia",
        "country_b": "Germany",
        "distance": 0.503333,
        "pair_count": 3
      },
      {
        "country_a": "Estonia",
        "country_b": "Greece",
        "distance": 0.44,
        "pair_count": 3
      },
      {
        "country_a": "Estonia",
        "country_b": "Ireland",
        "distance": 0.386667,
        "pair_count": 3
      },
      {
        "country_a": "Estonia",
        "country_b": "Italy",
        "distance": 0.075,
        "pair_count": 2
      },
      {
        "country_a": "Estonia",
        "country_b": "Latvia",
        "distance": 0.363333,
        "pair_count": 3
      },
      {
        "country_a": "Estonia",
        "country_b": "Lithuania",
        "distance": 0.56,
        "pair_count": 2
      },
      {
        "country_a": "Estonia",
        "country_b": "Luxembourg",
        "distance": 0.47,
        "pair_count": 2
      },
      {
        "country_a": "Estonia",
        "country_b": "Malta",
        "distance": 0.605,
        "pair_count": 2
      },
      {
        "country_a": "Estonia",
        "country_b": "Netherlands",
        "distance": 0.415,
        "pair_count": 2
      },
      {
        "country_a": "Estonia",
        "country_b": "Poland",
        "distance": 0.37,
        "pair_count": 3
      },
      {
        "country_a": "Estonia",
        "country_b": "Portugal",
        "distance": 0.353333,
        "pair_count": 3
      },
      {
        "country_a": "Estonia",
        "country_b": "Romania",
        "distance": 0.35,
        "pair_count": 3
      },
      {
        "country_a": "Estonia",
        "country_b": "Spain",
        "distance": 0.373333,
        "pair_count": 3
      },
      {
        "country_a": "Estonia",
        "country_b": "Sweden",
        "distance": 0.56,
        "pair_count": 3
      },
      {
        "country_a": "Finland",
        "country_b": "France",
        "distance": 0.26,
        "pair_count": 4
      },
      {
        "country_a": "Finland",
        "country_b": "Germany",
        "distance": 0.135,
        "pair_count": 4
      },
      {
        "country_a": "Finland",
        "country_b": "Greece",
        "distance": 0.023333,
        "pair_count": 3
      },
      {
        "country_a": "Finland",
        "country_b": "Ireland",
        "distance": 0.02,
        "pair_count": 3
      },
      {
        "country_a": "Finland",
        "country_b": "Italy",
        "distance": 0.09,
        "pair_count": 2
      },
      {
        "country_a": "Finland",
        "country_b": "Latvia",
        "distance": 0.02,
        "pair_count": 3
      },
      {
        "country_a": "Finland",
        "country_b": "Lithuania",
        "distance": 0.056667,
        "pair_count": 3
      },
      {
        "country_a": "Finland",
        "country_b": "Luxembourg",
        "distance": 0.03,
        "pair_count": 2
      },
      {
        "country_a": "Finland",
        "country_b": "Malta",
        "distance": 0.08,
        "pair_count": 2
      },
      {
        "country_a": "Finland",
        "country_b": "Netherlands",
        "distance": 0.173333,
        "pair_count": 3
      },
      {
        "country_a": "Finland",
        "country_b": "Poland",
        "distance": 0.076667,
        "pair_count": 3
      },
      {
        "country_a": "Finland",
        "country_b": "Portugal",
        "distance": 0.046667,
        "pair_count": 3
      },
      {
        "country_a": "Finland",
        "country_b": "Romania",
        "distance": 0.0375,
        "pair_count": 4
      },
      {
        "country_a": "Finland",
        "country_b": "Spain",
        "distance": 0.0525,
        "pair_count": 4
      },
      {
        "country_a": "Finland",
        "country_b": "Sweden",
        "distance": 0.183333,
        "pair_count": 3
      },
      {
        "country_a": "France",
        "country_b": "Germany",
        "distance": 0.306,
        "pair_count": 5
      },
      {
        "country_a": "France",
        "country_b": "Greece",
        "distance": 0.27,
        "pair_count": 4
      },
      {
        "country_a": "France",
        "country_b": "Ireland",
        "distance": 0.2925,
        "pair_count": 4
      },
      {
        "country_a": "France",
        "country_b": "Italy",
        "distance": 0.376667,
        "pair_count": 3
      },
      {
        "country_a": "France",
        "country_b": "Latvia",
        "distance": 0.3475,
        "pair_count": 4
      },
      {
        "country_a": "France",
        "country_b": "Lithuania",
        "distance": 0.243333,
        "pair_count": 3
      },
      {
        "country_a": "France",
        "country_b": "Luxembourg",
        "distance": 0.363333,
        "pair_count": 3
      },
      {
        "country_a": "France",
        "country_b": "Malta",
        "distance": 0.306667,
        "pair_count": 3
      },
      {
        "country_a": "France",
        "country_b": "Netherlands",
        "distance": 0.176,
        "pair_count": 5
      },
      {
        "country_a": "France",
        "country_b": "Poland",
        "distance": 0.184,
        "pair_count": 5
      },
      {
        "country_a": "France",
        "country_b": "Portugal",
        "distance": 0.278,
        "pair_count": 5
      },
      {
        "country_a": "France",
        "country_b": "Romania",
        "distance": 0.3,
        "pair_count": 5
      },
      {
        "country_a": "France",
        "country_b": "Spain",
        "distance": 0.223333,
        "pair_count": 6
      },
      {
        "country_a": "France",
        "country_b": "Sweden",
        "distance": 0.2375,
        "pair_count": 4
      },
      {
        "country_a": "Germany",
        "country_b": "Greece",
        "distance": 0.1725,
        "pair_count": 4
      },
      {
        "country_a": "Germany",
        "country_b": "Ireland",
        "distance": 0.135,
        "pair_count": 4
      },
      {
        "country_a": "Germany",
        "country_b": "Italy",
        "distance": 0.24,
        "pair_count": 3
      },
      {
        "country_a": "Germany",
        "country_b": "Latvia",
        "distance": 0.105,
        "pair_count": 4
      },
      {
        "country_a": "Germany",
        "country_b": "Lithuania",
        "distance": 0.156667,
        "pair_count": 3
      },
      {
        "country_a": "Germany",
        "country_b": "Luxembourg",
        "distance": 0.023333,
        "pair_count": 3
      },
      {
        "country_a": "Germany",
        "country_b": "Malta",
        "distance": 0.146667,
        "pair_count": 3
      },
      {
        "country_a": "Germany",
        "country_b": "Netherlands",
        "distance": 0.1675,
        "pair_count": 4
      },
      {
        "country_a": "Germany",
        "country_b": "Poland",
        "distance": 0.2125,
        "pair_count": 4
      },
      {
        "country_a": "Germany",
        "country_b": "Portugal",
        "distance": 0.1625,
        "pair_count": 4
      },
      {
        "country_a": "Germany",
        "country_b": "Romania",
        "distance": 0.126,
        "pair_count": 5
      },
      {
        "country_a": "Germany",
        "country_b": "Spain",
        "distance": 0.13,
        "pair_count": 5
      },
      {
        "country_a": "Germany",
        "country_b": "Sweden",
        "distance": 0.115,
        "pair_count": 4
      },
      {
        "country_a": "Greece",
        "country_b": "Ireland",
        "distance": 0.0675,
        "pair_count": 4
      },
      {
        "country_a": "Greece",
        "country_b": "Italy",
        "distance": 0.113333,
        "pair_count": 3
      },
      {
        "country_a": "Greece",
        "country_b": "Latvia",
        "distance": 0.0825,
        "pair_count": 4
      },
      {
        "country_a": "Greece",
        "country_b": "Lithuania",
        "distance": 0.066667,
        "pair_count": 3
      },
      {
        "country_a": "Greece",
        "country_b": "Luxembourg",
        "distance": 0.086667,
        "pair_count": 3
      },
      {
        "country_a": "Greece",
        "country_b": "Malta",
        "distance": 0.043333,
        "pair_count": 3
      },
      {
        "country_a": "Greece",
        "country_b": "Netherlands",
        "distance": 0.17,
        "pair_count": 3
      },
      {
        "country_a": "Greece",
        "country_b": "Poland",
        "distance": 0.076667,
        "pair_count": 3
      },
      {
        "country_a": "Greece",
        "country_b": "Portugal",
        "distance": 0.065,
        "pair_count": 4
      },
      {
