{
  "generated_at": "2025-11-15T16:37:49.291405+00:00",
  "parameters": {
    "outputs_dir": "outputs_combined",
    "min_pair_count": 3
  },
  "label": "Employment, Social Policy, Health and Consumer Affairs Council",
  "category": "council",
  "min_pair_threshold": 3,
  "data": {
    "countries": [
      "Austria",
      "Belgium",
      "Bulgaria",
      "Croatia",
      "Cyprus",
      "Czechia",
      "Denmark",
      "Estonia",
      "Finland",
      "France",
      "Germany",
      "Greece",
      "Hungary",
      "Ireland",
      "Italy",
      "Latvia",
      "Lithuania",
      "Luxembourg",
      "Malta",
      "Netherlands",
      "Poland",
      "Portugal",
      "Romania",
      "Slovakia",
      "Slovenia",
      "Spain",
      "Sweden"
    ],
    "distance_matrix": [
      [
        0.0,
        0.084,
        0.114444,
        0.153,
        0.098,
        0.098,
        0.222727,
        0.135455,
        0.116,
        0.196364,
        0.189167,
        0.183636,
        0.296,
        0.116,
        0.217273,
        0.139,
        0.133,
        0.19,
        0.107,
        0.191667,
        0.110909,
        0.184167,
        0.106,
        0.175455,
        0.179091,
        0.216364,
        0.193636
      ],
      [
        0.084,
        0.0,
        0.068571,
        0.15375,
        0.15,
        0.16,
        0.204286,
        0.17,
        0.13,
        0.127,
        0.076667,
        0.09375,
        0.18,
        0.1375,
        0.21,
        0.198571,
        0.145714,
        0.10875,
        0.158571,
        0.076364,
        0.115,
        0.0925,
        0.108571,
        0.127143,
        0.07375,
        0.148571,
        0.12875
      ],
      [
        0.114444,
        0.068571,
        0.0,
        0.165833,
        0.180833,
        0.192308,
        0.1975,
        0.2,
        0.187143,
        0.219333,
        0.161429,
        0.156154,
        0.264286,
        0.182727,
        0.165833,
        0.199231,
        0.170909,
        0.15,
        0.204615,
        0.200714,
        0.175833,
        0.110769,
        0.1625,
        0.15,
        0.220769,
        0.243333,
        0.17
      ],
      [
        0.153,
        0.15375,
        0.165833,
        0.0,
        0.106667,
        0.156923,
        0.076923,
        0.101429,
        0.068571,
        0.108667,
        0.244667,
        0.084615,
        0.217143,
        0.055385,
        0.175385,
        0.1,
        0.051667,
        0.076429,
        0.083333,
        0.099333,
        0.070769,
        0.103846,
        0.096154,
        0.075385,
        0.149231,
        0.192308,
        0.111667
      ],
      [
        0.098,
        0.15,
        0.180833,
        0.106667,
        0.0,
        0.192308,
        0.13,
        0.076429,
        0.082667,
        0.160625,
        0.17875,
        0.123333,
        0.22,
        0.096,
        0.163571,
        0.099231,
        0.076923,
        0.123125,
        0.12,
        0.081875,
        0.060833,
        0.095882,
        0.051667,
        0.117692,
        0.105625,
        0.1525,
        0.167333
      ],
      [
        0.098,
        0.16,
        0.192308,
        0.156923,
        0.192308,
        0.0,
        0.186667,
        0.19,
        0.145333,
        0.199333,
        0.160714,
        0.166154,
        0.33,
        0.151667,
        0.166429,
        0.175385,
        0.164167,
        0.169231,
        0.163846,
        0.177857,
        0.1675,
        0.205714,
        0.194615,
        0.140667,
        0.255714,
        0.324286,
        0.1875
      ],
      [
        0.222727,
        0.204286,
        0.1975,
        0.076923,
        0.13,
        0.186667,
        0.0,
        0.1425,
        0.0975,
        0.121765,
        0.184706,
        0.145625,
        0.28,
        0.1,
        0.113571,
        0.127692,
        0.105833,
        0.114,
        0.116429,
        0.113529,
        0.127857,
        0.15,
        0.154167,
        0.1025,
        0.178667,
        0.22,
        0.072143
      ],
      [
        0.135455,
        0.17,
        0.2,
        0.101429,
        0.076429,
        0.19,
        0.1425,
        0.0,
        0.07,
        0.145556,
        0.210588,
        0.139375,
        0.27625,
        0.081333,
        0.191429,
        0.047333,
        0.095,
        0.097222,
        0.089375,
        0.137895,
        0.111333,
        0.135294,
        0.109231,
        0.126923,
        0.140556,
        0.189412,
        0.143571
      ],
      [
        0.116,
        0.13,
        0.187143,
        0.068571,
        0.082667,
        0.145333,
        0.0975,
        0.07,
        0.0,
        0.097778,
        0.164444,
        0.111176,
        0.23625,
        0.045385,
        0.152143,
        0.087857,
        0.061667,
        0.07625,
        0.084667,
        0.091111,
        0.061429,
        0.106875,
        0.096923,
        0.08,
        0.135882,
        0.180625,
        0.087857
      ],
      [
        0.196364,
        0.127,
        0.219333,
        0.108667,
        0.160625,
        0.199333,
        0.121765,
        0.145556,
        0.097778,
        0.0,
        0.174091,
        0.083158,
        0.35,
        0.089375,
        0.192778,
        0.16,
        0.106923,
        0.045263,
        0.102353,
        0.095455,
        0.1125,
        0.116316,
        0.151538,
        0.082667,
        0.149444,
        0.138421,
        0.145
      ],
      [
        0.189167,
        0.076667,
        0.161429,
        0.244667,
        0.17875,
        0.160714,
        0.184706,
        0.210588,
        0.164444,
        0.174091,
        0.0,
        0.135,
        0.434444,
        0.266667,
        0.196471,
        0.239286,
        0.213333,
        0.183684,
        0.20625,
        0.19087,
        0.228125,
        0.173684,
        0.190769,
        0.162,
        0.185,
        0.224286,
        0.24875
      ],
      [
        0.183636,
        0.09375,
        0.156154,
        0.084615,
        0.123333,
        0.166154,
        0.145625,
        0.139375,
        0.111176,
        0.083158,
        0.135,
        0.0,
        0.25,
        0.086429,
        0.14,
        0.176923,
        0.070769,
        0.064706,
        0.13125,
        0.101053,
        0.124615,
        0.1,
        0.133333,
        0.059286,
        0.144444,
        0.159412,
        0.16
      ],
      [
        0.296,
        0.18,
        0.264286,
        0.217143,
        0.22,
        0.33,
        0.28,
        0.27625,
        0.23625,
        0.35,
        0.434444,
        0.25,
        0.0,
        0.218571,
        0.334286,
        0.27625,
        0.218571,
        0.295,
        0.28375,
        0.30375,
        0.301429,
        0.225714,
        0.281429,
        0.22,
        0.30375,
        0.32,
        0.185714
      ],
      [
        0.116,
        0.1375,
        0.182727,
        0.055385,
        0.096,
        0.151667,
        0.1,
        0.081333,
        0.045385,
        0.089375,
        0.266667,
        0.086429,
        0.218571,
        0.0,
        0.192308,
        0.098462,
        0.056429,
        0.075294,
        0.038125,
        0.078824,
        0.054615,
        0.085,
        0.100833,
        0.0875,
        0.103125,
        0.154706,
        0.108125
      ],
      [
        0.217273,
        0.21,
        0.165833,
        0.175385,
        0.163571,
        0.166429,
        0.113571,
        0.191429,
        0.152143,
        0.192778,
        0.196471,
        0.14,
        0.334286,
        0.192308,
        0.0,
        0.1675,
        0.131667,
        0.173333,
        0.185385,
        0.218824,
        0.215,
        0.193333,
        0.183333,
        0.140714,
        0.225,
        0.264118,
        0.138462
      ],
      [
        0.139,
        0.198571,
        0.199231,
        0.1,
        0.099231,
        0.175385,
        0.127692,
        0.047333,
        0.087857,
        0.16,
        0.239286,
        0.176923,
        0.27625,
        0.098462,
        0.1675,
        0.0,
        0.105385,
        0.113333,
        0.079286,
        0.144,
        0.110769,
        0.137857,
        0.102308,
        0.126154,
        0.16,
        0.224286,
        0.154167
      ],
      [
        0.133,
        0.145714,
        0.170909,
        0.051667,
        0.076923,
        0.164167,
        0.105833,
        0.095,
        0.061667,
        0.106923,
        0.213333,
        0.070769,
        0.218571,
        0.056429,
        0.131667,
        0.105385,
        0.0,
        0.065714,
        0.085714,
        0.079286,
        0.074545,
        0.078571,
        0.068333,
        0.08,
        0.135,
        0.149286,
        0.127692
      ],
      [
        0.19,
        0.10875,
        0.15,
        0.076429,
        0.123125,
        0.169231,
        0.114,
        0.097222,
        0.07625,
        0.045263,
        0.183684,
        0.064706,
        0.295,
        0.075294,
        0.173333,
        0.113333,
        0.065714,
        0.0,
        0.077059,
        0.075,
        0.092667,
        0.070526,
        0.128462,
        0.062143,
        0.116316,
        0.110952,
        0.186471
      ],
      [
        0.107,
        0.158571,
        0.204615,
        0.083333,
        0.12,
        0.163846,
        0.116429,
        0.089375,
        0.084667,
        0.102353,
        0.20625,
        0.13125,
        0.28375,
        0.038125,
        0.185385,
        0.079286,
        0.085714,
        0.077059,
        0.0,
        0.098235,
        0.068462,
        0.096471,
        0.105,
        0.103077,
        0.107222,
        0.150588,
        0.144667
      ],
      [
        0.191667,
        0.076364,
        0.200714,
        0.099333,
        0.081875,
        0.177857,
        0.113529,
        0.137895,
        0.091111,
        0.095455,
        0.19087,
        0.101053,
        0.30375,
        0.078824,
        0.218824,
        0.144,
        0.079286,
        0.075,
        0.098235,
        0.0,
        0.058125,
        0.083,
        0.096923,
        0.098,
        0.070526,
        0.115,
        0.170588
      ],
      [
        0.110909,
        0.115,
        0.175833,
        0.070769,
        0.060833,
        0.1675,
        0.127857,
        0.111333,
        0.061429,
        0.1125,
        0.228125,
        0.124615,
        0.301429,
        0.054615,
        0.215,
        0.110769,
        0.074545,
        0.092667,
        0.068462,
        0.058125,
        0.0,
        0.066667,
        0.060769,
        0.095833,
        0.088462,
        0.097333,
        0.136667
      ],
      [
        0.184167,
        0.0925,
        0.110769,
        0.103846,
        0.095882,
        0.205714,
        0.15,
        0.135294,
        0.106875,
        0.116316,
        0.173684,
        0.1,
        0.225714,
        0.085,
        0.193333,
        0.137857,
        0.078571,
        0.070526,
        0.096471,
        0.083,
        0.066667,
        0.0,
        0.090769,
        0.114667,
        0.09,
        0.086316,
        0.214118
      ],
      [
        0.106,
        0.108571,
        0.1625,
        0.096154,
        0.051667,
        0.194615,
        0.154167,
        0.109231,
        0.096923,
        0.151538,
        0.190769,
        0.133333,
        0.281429,
        0.100833,
        0.183333,
        0.102308,
        0.068333,
        0.128462,
        0.105,
        0.096923,
        0.060769,
        0.090769,
        0.0,
        0.116154,
        0.12,
        0.159231,
        0.193333
      ],
      [
        0.175455,
        0.127143,
        0.15,
        0.075385,
        0.117692,
        0.140667,
        0.1025,
        0.126923,
        0.08,
        0.082667,
        0.162,
        0.059286,
        0.22,
        0.0875,
        0.140714,
        0.126154,
        0.08,
        0.062143,
        0.103077,
        0.098,
        0.095833,
        0.114667,
        0.116154,
        0.0,
        0.14,
        0.172857,
        0.190769
      ],
      [
        0.179091,
        0.07375,
        0.220769,
        0.149231,
        0.105625,
        0.255714,
        0.178667,
        0.140556,
        0.135882,
        0.149444,
        0.185,
        0.144444,
        0.30375,
        0.103125,
        0.225,
        0.16,
        0.135,
        0.116316,
        0.107222,
        0.070526,
        0.088462,
        0.09,
        0.12,
        0.14,
        0.0,
        0.1175,
        0.243125
      ],
      [
        0.216364,
        0.148571,
        0.243333,
        0.192308,
        0.1525,
        0.324286,
        0.22,
        0.189412,
        0.180625,
        0.138421,
        0.224286,
        0.159412,
        0.32,
        0.154706,
        0.264118,
        0.224286,
        0.149286,
        0.110952,
        0.150588,
        0.115,
        0.097333,
        0.086316,
        0.159231,
        0.172857,
        0.1175,
        0.0,
        0.291765
      ],
      [
        0.193636,
        0.12875,
        0.17,
        0.111667,
        0.167333,
        0.1875,
        0.072143,
        0.143571,
        0.087857,
        0.145,
        0.24875,
        0.16,
        0.185714,
        0.108125,
        0.138462,
        0.154167,
        0.127692,
        0.186471,
        0.144667,
        0.170588,
        0.136667,
        0.214118,
        0.193333,
        0.190769,
        0.243125,
        0.291765,
        0.0
      ]
    ],
    "pair_count_matrix": [
      [
        0,
        5,
        9,
        10,
        10,
        10,
        11,
        11,
        10,
        11,
        12,
        11,
        5,
        10,
        11,
        10,
        10,
        11,
        10,
        12,
        11,
        12,
        10,
        11,
        11,
        11,
        11
      ],
      [
        5,
        0,
        7,
        8,
        6,
        7,
        7,
        9,
        8,
        10,
        9,
        8,
        1,
        8,
        7,
        7,
        7,
        8,
        7,
        11,
        6,
        8,
        7,
        7,
        8,
        7,
        8
      ],
      [
        9,
        7,
        0,
        12,
        12,
        13,
        12,
        13,
        14,
        15,
        14,
        13,
        7,
        11,
        12,
        13,
        11,
        13,
        13,
        14,
        12,
        13,
        12,
        13,
        13,
        12,
        11
      ],
      [
        10,
        8,
        12,
        0,
        12,
        13,
        13,
        14,
        14,
        15,
        15,
        13,
        7,
        13,
        13,
        13,
        12,
        14,
        12,
        15,
        13,
        13,
        13,
        13,
        13,
        13,
        12
      ],
      [
        10,
        6,
        12,
        12,
        0,
        13,
        14,
        14,
        15,
        16,
        16,
        15,
        7,
        15,
        14,
        13,
        13,
        16,
        16,
        16,
        12,
        17,
        12,
        13,
        16,
        16,
        15
      ],
      [
        10,
        7,
        13,
        13,
        13,
        0,
        12,
        13,
        15,
        15,
        14,
        13,
        7,
        12,
        14,
        13,
        12,
        13,
        13,
        14,
        12,
        14,
        13,
        15,
        14,
        14,
        12
      ],
      [
        11,
        7,
        12,
        13,
        14,
        12,
        0,
        16,
        16,
        17,
        17,
        16,
        8,
        13,
        14,
        13,
        12,
        15,
        14,
        17,
        14,
        15,
        12,
        12,
        15,
        15,
        14
      ],
      [
        11,
        9,
        13,
        14,
        14,
        13,
        16,
        0,
        16,
        18,
        17,
        16,
        8,
        15,
        14,
        15,
        14,
        18,
        16,
        19,
        15,
        17,
        13,
        13,
        18,
        17,
        14
      ],
      [
        10,
        8,
        14,
        14,
        15,
        15,
        16,
        16,
        0,
        18,
        18,
        17,
        8,
        13,
        14,
        14,
        12,
        16,
        15,
        18,
        14,
        16,
        13,
        14,
        17,
        16,
        14
      ],
      [
        11,
        10,
        15,
        15,
        16,
        15,
        17,
        18,
        18,
        0,
        22,
        19,
        8,
        16,
        18,
        14,
        13,
        19,
        17,
        22,
        16,
        19,
        13,
        15,
        18,
        19,
        16
      ],
      [
        12,
        9,
        14,
        15,
        16,
        14,
        17,
        17,
        18,
        22,
        0,
        18,
        9,
        15,
        17,
        14,
        12,
        19,
        16,
        23,
        16,
        19,
        13,
        15,
        18,
        21,
        16
      ],
      [
        11,
        8,
        13,
        13,
        15,
        13,
        16,
        16,
        17,
        19,
        18,
        0,
        8,
        14,
        14,
        13,
        13,
        17,
        16,
        19,
        13,
        17,
        12,
        14,
        18,
        17,
        16
      ],
      [
        5,
        1,
        7,
        7,
        7,
        7,
        8,
        8,
        8,
        8,
        9,
        8,
        0,
        7,
        7,
        8,
        7,
        8,
        8,
        8,
        7,
        7,
        7,
        7,
        8,
        9,
        7
      ],
      [
        10,
        8,
        11,
        13,
        15,
        12,
        13,
        15,
        13,
        16,
        15,
        14,
        7,
        0,
        13,
        13,
        14,
        17,
        16,
        17,
        13,
        16,
        12,
        12,
        16,
        17,
        16
      ],
      [
        11,
        7,
        12,
        13,
        14,
        14,
        14,
        14,
        14,
        18,
        17,
        14,
        7,
        13,
        0,
        12,
        12,
        15,
        13,
        17,
        14,
        15,
        12,
        14,
        14,
        17,
        13
      ],
      [
        10,
        7,
        13,
        13,
        13,
        13,
        13,
        15,
        14,
        14,
        14,
        13,
        8,
        13,
        12,
        0,
        13,
        15,
        14,
        15,
        13,
        14,
        13,
        13,
        14,
        14,
        12
      ],
      [
        10,
        7,
        11,
        12,
        13,
        12,
        12,
        14,
        12,
        13,
        12,
        13,
        7,
        14,
        12,
        13,
        0,
        14,
        14,
        14,
        11,
        14,
        12,
        12,
        14,
        14,
        13
      ],
      [
        11,
        8,
        13,
        14,
        16,
        13,
        15,
        18,
        16,
        19,
        19,
        17,
        8,
        17,
        15,
        15,
        14,
        0,
        17,
        20,
        15,
        19,
        13,
        14,
        19,
        21,
        17
      ],
      [
        10,
        7,
        13,
        12,
        16,
        13,
        14,
        16,
        15,
        17,
        16,
        16,
        8,
        16,
        13,
        14,
        14,
        17,
        0,
        17,
        13,
        17,
        12,
        13,
        18,
        17,
        15
      ],
      [
        12,
        11,
        14,
        15,
        16,
        14,
        17,
        19,
        18,
        22,
        23,
        19,
        8,
        17,
        17,
        15,
        14,
        20,
        17,
        0,
        16,
        20,
        13,
        15,
        19,
        20,
        17
      ],
      [
        11,
        6,
        12,
        13,
        12,
        12,
        14,
        15,
        14,
        16,
        16,
        13,
        7,
        13,
        14,
        13,
        11,
        15,
        13,
        16,
        0,
        15,
        13,
        12,
        13,
        15,
        12
      ],
      [
        12,
        8,
        13,
        13,
        17,
        14,
        15,
        17,
        16,
        19,
        19,
        17,
        7,
        16,
        15,
        14,
        14,
        19,
        17,
        20,
        15,
        0,
        13,
        15,
        18,
        19,
        17
      ],
      [
        10,
        7,
        12,
        13,
        12,
        13,
        12,
        13,
        13,
        13,
        13,
        12,
        7,
        12,
        12,
        13,
        12,
        13,
        12,
        13,
        13,
        13,
        0,
        13,
        12,
        13,
        12
      ],
      [
        11,
        7,
        13,
        13,
        13,
        15,
        12,
        13,
        14,
        15,
        15,
        14,
        7,
        12,
        14,
        13,
        12,
        14,
        13,
        15,
        12,
        15,
        13,
        0,
        14,
        14,
        13
      ],
      [
        11,
        8,
        13,
        13,
        16,
        14,
        15,
        18,
        17,
        18,
        18,
        18,
        8,
        16,
        14,
        14,
        14,
        19,
        18,
        19,
        13,
        18,
        12,
        14,
        0,
        20,
        16
      ],
      [
        11,
        7,
        12,
        13,
        16,
        14,
        15,
        17,
        16,
        19,
        21,
        17,
        9,
        17,
        17,
        14,
        14,
        21,
        17,
        20,
        15,
        19,
        13,
        14,
        20,
        0,
        17
      ],
      [
        11,
        8,
        11,
        12,
        15,
        12,
        14,
        14,
        14,
        16,
        16,
        16,
        7,
        16,
        13,
        12,
        13,
        17,
        15,
        17,
        12,
        17,
        12,
        13,
        16,
        17,
        0
      ]
    ],
    "pair_records": [
      {
        "country_a": "Austria",
        "country_b": "Belgium",
        "distance": 0.084,
        "pair_count": 5
      },
      {
        "country_a": "Austria",
        "country_b": "Bulgaria",
        "distance": 0.114444,
        "pair_count": 9
      },
      {
        "country_a": "Austria",
        "country_b": "Croatia",
        "distance": 0.153,
        "pair_count": 10
      },
      {
        "country_a": "Austria",
        "country_b": "Cyprus",
        "distance": 0.098,
        "pair_count": 10
      },
      {
        "country_a": "Austria",
        "country_b": "Czechia",
        "distance": 0.098,
        "pair_count": 10
      },
      {
        "country_a": "Austria",
        "country_b": "Denmark",
        "distance": 0.222727,
        "pair_count": 11
      },
      {
        "country_a": "Austria",
        "country_b": "Estonia",
        "distance": 0.135455,
        "pair_count": 11
      },
      {
        "country_a": "Austria",
        "country_b": "Finland",
        "distance": 0.116,
        "pair_count": 10
      },
      {
        "country_a": "Austria",
        "country_b": "France",
        "distance": 0.196364,
        "pair_count": 11
      },
      {
        "country_a": "Austria",
        "country_b": "Germany",
        "distance": 0.189167,
        "pair_count": 12
      },
      {
        "country_a": "Austria",
        "country_b": "Greece",
        "distance": 0.183636,
        "pair_count": 11
      },
      {
        "country_a": "Austria",
        "country_b": "Hungary",
        "distance": 0.296,
        "pair_count": 5
      },
      {
        "country_a": "Austria",
        "country_b": "Ireland",
        "distance": 0.116,
        "pair_count": 10
      },
      {
        "country_a": "Austria",
        "country_b": "Italy",
        "distance": 0.217273,
        "pair_count": 11
      },
      {
        "country_a": "Austria",
        "country_b": "Latvia",
        "distance": 0.139,
        "pair_count": 10
      },
      {
        "country_a": "Austria",
        "country_b": "Lithuania",
        "distance": 0.133,
        "pair_count": 10
      },
      {
        "country_a": "Austria",
        "country_b": "Luxembourg",
        "distance": 0.19,
        "pair_count": 11
      },
      {
        "country_a": "Austria",
        "country_b": "Malta",
        "distance": 0.107,
        "pair_count": 10
      },
      {
        "country_a": "Austria",
        "country_b": "Netherlands",
        "distance": 0.191667,
        "pair_count": 12
      },
      {
        "country_a": "Austria",
        "country_b": "Poland",
        "distance": 0.110909,
        "pair_count": 11
      },
      {
        "country_a": "Austria",
        "country_b": "Portugal",
        "distance": 0.184167,
        "pair_count": 12
      },
      {
        "country_a": "Austria",
        "country_b": "Romania",
        "distance": 0.106,
        "pair_count": 10
      },
      {
        "country_a": "Austria",
        "country_b": "Slovakia",
        "distance": 0.175455,
        "pair_count": 11
      },
      {
        "country_a": "Austria",
        "country_b": "Slovenia",
        "distance": 0.179091,
        "pair_count": 11
      },
      {
        "country_a": "Austria",
        "country_b": "Spain",
        "distance": 0.216364,
        "pair_count": 11
      },
      {
        "country_a": "Austria",
        "country_b": "Sweden",
        "distance": 0.193636,
        "pair_count": 11
      },
      {
        "country_a": "Belgium",
        "country_b": "Bulgaria",
        "distance": 0.068571,
        "pair_count": 7
      },
      {
        "country_a": "Belgium",
        "country_b": "Croatia",
        "distance": 0.15375,
        "pair_count": 8
      },
      {
        "country_a": "Belgium",
        "country_b": "Cyprus",
        "distance": 0.15,
        "pair_count": 6
      },
      {
        "country_a": "Belgium",
        "country_b": "Czechia",
        "distance": 0.16,
        "pair_count": 7
      },
      {
        "country_a": "Belgium",
        "country_b": "Denmark",
        "distance": 0.204286,
        "pair_count": 7
      },
      {
        "country_a": "Belgium",
        "country_b": "Estonia",
        "distance": 0.17,
        "pair_count": 9
      },
      {
        "country_a": "Belgium",
        "country_b": "Finland",
        "distance": 0.13,
        "pair_count": 8
      },
      {
        "country_a": "Belgium",
        "country_b": "France",
        "distance": 0.127,
        "pair_count": 10
      },
      {
        "country_a": "Belgium",
        "country_b": "Germany",
        "distance": 0.076667,
        "pair_count": 9
      },
      {
        "country_a": "Belgium",
        "country_b": "Greece",
        "distance": 0.09375,
        "pair_count": 8
      },
      {
        "country_a": "Belgium",
        "country_b": "Hungary",
        "distance": 0.18,
        "pair_count": 1
      },
      {
        "country_a": "Belgium",
        "country_b": "Ireland",
        "distance": 0.1375,
        "pair_count": 8
      },
      {
        "country_a": "Belgium",
        "country_b": "Italy",
        "distance": 0.21,
        "pair_count": 7
      },
      {
        "country_a": "Belgium",
        "country_b": "Latvia",
        "distance": 0.198571,
        "pair_count": 7
      },
      {
        "country_a": "Belgium",
        "country_b": "Lithuania",
        "distance": 0.145714,
        "pair_count": 7
      },
      {
        "country_a": "Belgium",
        "country_b": "Luxembourg",
        "distance": 0.10875,
        "pair_count": 8
      },
      {
        "country_a": "Belgium",
        "country_b": "Malta",
        "distance": 0.158571,
        "pair_count": 7
      },
      {
        "country_a": "Belgium",
        "country_b": "Netherlands",
        "distance": 0.076364,
        "pair_count": 11
      },
      {
        "country_a": "Belgium",
        "country_b": "Poland",
        "distance": 0.115,
        "pair_count": 6
      },
      {
        "country_a": "Belgium",
        "country_b": "Portugal",
        "distance": 0.0925,
        "pair_count": 8
      },
      {
        "country_a": "Belgium",
        "country_b": "Romania",
        "distance": 0.108571,
        "pair_count": 7
      },
      {
        "country_a": "Belgium",
        "country_b": "Slovakia",
        "distance": 0.127143,
        "pair_count": 7
      },
      {
        "country_a": "Belgium",
        "country_b": "Slovenia",
        "distance": 0.07375,
        "pair_count": 8
      },
      {
        "country_a": "Belgium",
        "country_b": "Spain",
        "distance": 0.148571,
        "pair_count": 7
      },
      {
        "country_a": "Belgium",
        "country_b": "Sweden",
        "distance": 0.12875,
        "pair_count": 8
      },
      {
        "country_a": "Bulgaria",
        "country_b": "Croatia",
        "distance": 0.165833,
        "pair_count": 12
      },
      {
        "country_a": "Bulgaria",
        "country_b": "Cyprus",
        "distance": 0.180833,
        "pair_count": 12
      },
      {
        "country_a": "Bulgaria",
        "country_b": "Czechia",
        "distance": 0.192308,
        "pair_count": 13
      },
      {
        "country_a": "Bulgaria",
        "country_b": "Denmark",
        "distance": 0.1975,
        "pair_count": 12
      },
      {
        "country_a": "Bulgaria",
        "country_b": "Estonia",
        "distance": 0.2,
        "pair_count": 13
      },
      {
        "country_a": "Bulgaria",
        "country_b": "Finland",
        "distance": 0.187143,
        "pair_count": 14
      },
      {
        "country_a": "Bulgaria",
        "country_b": "France",
        "distance": 0.219333,
        "pair_count": 15
      },
      {
        "country_a": "Bulgaria",
        "country_b": "Germany",
        "distance": 0.161429,
        "pair_count": 14
      },
      {
        "country_a": "Bulgaria",
        "country_b": "Greece",
        "distance": 0.156154,
        "pair_count": 13
      },
      {
        "country_a": "Bulgaria",
        "country_b": "Hungary",
        "distance": 0.264286,
        "pair_count": 7
      },
      {
        "country_a": "Bulgaria",
        "country_b": "Ireland",
        "distance": 0.182727,
        "pair_count": 11
      },
      {
        "country_a": "Bulgaria",
        "country_b": "Italy",
        "distance": 0.165833,
        "pair_count": 12
      },
      {
        "country_a": "Bulgaria",
        "country_b": "Latvia",
        "distance": 0.199231,
        "pair_count": 13
      },
      {
        "country_a": "Bulgaria",
        "country_b": "Lithuania",
        "distance": 0.170909,
        "pair_count": 11
      },
      {
        "country_a": "Bulgaria",
        "country_b": "Luxembourg",
        "distance": 0.15,
        "pair_count": 13
      },
      {
        "country_a": "Bulgaria",
        "country_b": "Malta",
        "distance": 0.204615,
        "pair_count": 13
      },
      {
        "country_a": "Bulgaria",
        "country_b": "Netherlands",
        "distance": 0.200714,
        "pair_count": 14
      },
      {
        "country_a": "Bulgaria",
        "country_b": "Poland",
        "distance": 0.175833,
        "pair_count": 12
      },
      {
        "country_a": "Bulgaria",
        "country_b": "Portugal",
        "distance": 0.110769,
        "pair_count": 13
      },
      {
        "country_a": "Bulgaria",
        "country_b": "Romania",
        "distance": 0.1625,
        "pair_count": 12
      },
      {
        "country_a": "Bulgaria",
        "country_b": "Slovakia",
        "distance": 0.15,
        "pair_count": 13
      },
      {
        "country_a": "Bulgaria",
        "country_b": "Slovenia",
        "distance": 0.220769,
        "pair_count": 13
      },
      {
        "country_a": "Bulgaria",
        "country_b": "Spain",
        "distance": 0.243333,
        "pair_count": 12
      },
      {
        "country_a": "Bulgaria",
        "country_b": "Sweden",
        "distance": 0.17,
        "pair_count": 11
      },
      {
        "country_a": "Croatia",
        "country_b": "Cyprus",
        "distance": 0.106667,
        "pair_count": 12
      },
      {
        "country_a": "Croatia",
        "country_b": "Czechia",
        "distance": 0.156923,
        "pair_count": 13
      },
      {
        "country_a": "Croatia",
        "country_b": "Denmark",
        "distance": 0.076923,
        "pair_count": 13
      },
      {
        "country_a": "Croatia",
        "country_b": "Estonia",
        "distance": 0.101429,
        "pair_count": 14
      },
      {
        "country_a": "Croatia",
        "country_b": "Finland",
        "distance": 0.068571,
        "pair_count": 14
      },
      {
        "country_a": "Croatia",
        "country_b": "France",
        "distance": 0.108667,
        "pair_count": 15
      },
      {
        "country_a": "Croatia",
        "country_b": "Germany",
        "distance": 0.244667,
        "pair_count": 15
      },
      {
        "country_a": "Croatia",
        "country_b": "Greece",
        "distance": 0.084615,
        "pair_count": 13
      },
      {
        "country_a": "Croatia",
        "country_b": "Hungary",
        "distance": 0.217143,
        "pair_count": 7
      },
      {
        "country_a": "Croatia",
        "country_b": "Ireland",
        "distance": 0.055385,
        "pair_count": 13
      },
      {
        "country_a": "Croatia",
        "country_b": "Italy",
        "distance": 0.175385,
        "pair_count": 13
      },
      {
        "country_a": "Croatia",
        "country_b": "Latvia",
        "distance": 0.1,
        "pair_count": 13
      },
      {
        "country_a": "Croatia",
        "country_b": "Lithuania",
        "distance": 0.051667,
        "pair_count": 12
      },
      {
        "country_a": "Croatia",
        "country_b": "Luxembourg",
        "distance": 0.076429,
        "pair_count": 14
      },
      {
        "country_a": "Croatia",
        "country_b": "Malta",
        "distance": 0.083333,
        "pair_count": 12
      },
      {
        "country_a": "Croatia",
        "country_b": "Netherlands",
        "distance": 0.099333,
        "pair_count": 15
      },
      {
        "country_a": "Croatia",
        "country_b": "Poland",
        "distance": 0.070769,
        "pair_count": 13
      },
      {
        "country_a": "Croatia",
        "country_b": "Portugal",
        "distance": 0.103846,
        "pair_count": 13
      },
      {
        "country_a": "Croatia",
        "country_b": "Romania",
        "distance": 0.096154,
        "pair_count": 13
      },
      {
        "country_a": "Croatia",
        "country_b": "Slovakia",
        "distance": 0.075385,
        "pair_count": 13
      },
      {
        "country_a": "Croatia",
        "country_b": "Slovenia",
        "distance": 0.149231,
        "pair_count": 13
      },
      {
        "country_a": "Croatia",
        "country_b": "Spain",
        "distance": 0.192308,
        "pair_count": 13
      },
      {
        "country_a": "Croatia",
        "country_b": "Sweden",
        "distance": 0.111667,
        "pair_count": 12
      },
      {
        "country_a": "Cyprus",
        "country_b": "Czechia",
        "distance": 0.192308,
        "pair_count": 13
      },
      {
        "country_a": "Cyprus",
        "country_b": "Denmark",
        "distance": 0.13,
        "pair_count": 14
      },
      {
        "country_a": "Cyprus",
        "country_b": "Estonia",
        "distance": 0.076429,
        "pair_count": 14
      },
      {
        "country_a": "Cyprus",
        "country_b": "Finland",
        "distance": 0.082667,
        "pair_count": 15
      },
      {
        "country_a": "Cyprus",
        "country_b": "France",
        "distance": 0.160625,
        "pair_count": 16
      },
      {
        "country_a": "Cyprus",
        "country_b": "Germany",
        "distance": 0.17875,
        "pair_count": 16
      },
      {
        "country_a": "Cyprus",
        "country_b": "Greece",
        "distance": 0.123333,
        "pair_count": 15
      },
      {
        "country_a": "Cyprus",
        "country_b": "Hungary",
        "distance": 0.22,
        "pair_count": 7
      },
      {
        "country_a": "Cyprus",
        "country_b": "Ireland",
        "distance": 0.096,
        "pair_count": 15
      },
      {
        "country_a": "Cyprus",
        "country_b": "Italy",
        "distance": 0.163571,
        "pair_count": 14
      },
      {
        "country_a": "Cyprus",
        "country_b": "Latvia",
        "distance": 0.099231,
        "pair_count": 13
      },
      {
        "country_a": "Cyprus",
        "country_b": "Lithuania",
        "distance": 0.076923,
        "pair_count": 13
      },
      {
        "country_a": "Cyprus",
        "country_b": "Luxembourg",
        "distance": 0.123125,
        "pair_count": 16
      },
      {
        "country_a": "Cyprus",
        "country_b": "Malta",
        "distance": 0.12,
        "pair_count": 16
      },
      {
        "country_a": "Cyprus",
        "country_b": "Netherlands",
        "distance": 0.081875,
        "pair_count": 16
      },
      {
        "country_a": "Cyprus",
        "country_b": "Poland",
        "distance": 0.060833,
        "pair_count": 12
      },
      {
        "country_a": "Cyprus",
        "country_b": "Portugal",
        "distance": 0.095882,
        "pair_count": 17
      },
      {
        "country_a": "Cyprus",
        "country_b": "Romania",
        "distance": 0.051667,
        "pair_count": 12
      },
      {
        "country_a": "Cyprus",
        "country_b": "Slovakia",
        "distance": 0.117692,
        "pair_count": 13
      },
      {
        "country_a": "Cyprus",
        "country_b": "Slovenia",
        "distance": 0.105625,
        "pair_count": 16
      },
      {
        "country_a": "Cyprus",
        "country_b": "Spain",
        "distance": 0.1525,
        "pair_count": 16
      },
      {
        "country_a": "Cyprus",
        "country_b": "Sweden",
        "distance": 0.167333,
        "pair_count": 15
      },
      {
        "country_a": "Czechia",
        "country_b": "Denmark",
        "distance": 0.186667,
        "pair_count": 12
      },
      {
        "country_a": "Czechia",
        "country_b": "Estonia",
        "distance": 0.19,
        "pair_count": 13
      },
      {
        "country_a": "Czechia",
        "country_b": "Finland",
        "distance": 0.145333,
        "pair_count": 15
      },
      {
        "country_a": "Czechia",
        "country_b": "France",
        "distance": 0.199333,
        "pair_count": 15
      },
      {
        "country_a": "Czechia",
        "country_b": "Germany",
        "distance": 0.160714,
        "pair_count": 14
      },
      {
        "country_a": "Czechia",
        "country_b": "Greece",
        "distance": 0.166154,
        "pair_count": 13
      },
      {
        "country_a": "Czechia",
        "country_b": "Hungary",
        "distance": 0.33,
        "pair_count": 7
      },
      {
        "country_a": "Czechia",
        "country_b": "Ireland",
        "distance": 0.151667,
        "pair_count": 12
