{
  "generated_at": "2025-11-15T16:37:49.291405+00:00",
  "parameters": {
    "outputs_dir": "outputs_combined",
    "min_pair_count": 3
  },
  "label": "Environment Council",
  "category": "council",
  "min_pair_threshold": 3,
  "data": {
    "countries": [
      "Austria",
      "Belgium",
      "Bulgaria",
      "Croatia",
      "Cyprus",
      "Czechia",
      "Denmark",
      "Estonia",
      "Finland",
      "France",
      "Germany",
      "Greece",
      "Hungary",
      "Ireland",
      "Italy",
      "Latvia",
      "Lithuania",
      "Luxembourg",
      "Malta",
      "Netherlands",
      "Poland",
      "Portugal",
      "Romania",
      "Slovakia",
      "Slovenia",
      "Spain",
      "Sweden"
    ],
    "distance_matrix": [
      [
        0.0,
        0.135556,
        0.225,
        0.201176,
        0.216875,
        0.261176,
        0.197143,
        0.17,
        0.210476,
        0.183333,
        0.123684,
        0.271333,
        0.425455,
        0.204,
        0.249412,
        0.1575,
        0.191176,
        0.165,
        0.263333,
        0.263125,
        0.316154,
        0.150588,
        0.190625,
        0.26375,
        0.143125,
        0.213529,
        0.201579
      ],
      [
        0.135556,
        0.0,
        0.348333,
        0.175714,
        0.238333,
        0.3375,
        0.115556,
        0.12,
        0.114444,
        0.115,
        0.22,
        0.34,
        0.37,
        0.106667,
        0.208571,
        0.208571,
        0.088571,
        0.1075,
        0.315,
        0.121429,
        0.276,
        0.083333,
        0.19,
        0.34,
        0.111667,
        0.122857,
        0.111
      ],
      [
        0.225,
        0.348333,
        0.0,
        0.13875,
        0.115625,
        0.194706,
        0.3175,
        0.1925,
        0.274706,
        0.25125,
        0.235294,
        0.173333,
        0.290769,
        0.241333,
        0.234706,
        0.152667,
        0.183125,
        0.241875,
        0.116,
        0.303333,
        0.202143,
        0.18,
        0.185625,
        0.241765,
        0.194118,
        0.222941,
        0.3
      ],
      [
        0.201176,
        0.175714,
        0.13875,
        0.0,
        0.066875,
        0.176875,
        0.227647,
        0.107059,
        0.212353,
        0.161667,
        0.230588,
        0.133125,
        0.279091,
        0.156667,
        0.174118,
        0.1525,
        0.098235,
        0.176875,
        0.112667,
        0.264,
        0.188462,
        0.12875,
        0.084667,
        0.206,
        0.133529,
        0.164118,
        0.240625
      ],
      [
        0.216875,
        0.238333,
        0.115625,
        0.066875,
        0.0,
        0.202,
        0.253125,
        0.115625,
        0.24125,
        0.208235,
        0.244118,
        0.1425,
        0.276364,
        0.183333,
        0.204375,
        0.168667,
        0.13375,
        0.195,
        0.086667,
        0.291333,
        0.209231,
        0.134375,
        0.134286,
        0.245333,
        0.14,
        0.201176,
        0.277333
      ],
      [
        0.261176,
        0.3375,
        0.194706,
        0.176875,
        0.202,
        0.0,
        0.296471,
        0.183529,
        0.318889,
        0.238824,
        0.225,
        0.220714,
        0.243333,
        0.27,
        0.260588,
        0.180667,
        0.165,
        0.280625,
        0.150714,
        0.380714,
        0.161538,
        0.208667,
        0.149412,
        0.082941,
        0.22625,
        0.234118,
        0.331875
      ],
      [
        0.197143,
        0.115556,
        0.3175,
        0.227647,
        0.253125,
        0.296471,
        0.0,
        0.169444,
        0.190476,
        0.100476,
        0.241579,
        0.327333,
        0.458182,
        0.097333,
        0.325294,
        0.304375,
        0.187059,
        0.083333,
        0.336667,
        0.1525,
        0.373077,
        0.154706,
        0.2175,
        0.36125,
        0.158125,
        0.110588,
        0.129474
      ],
      [
        0.17,
        0.12,
        0.1925,
        0.107059,
        0.115625,
        0.183529,
        0.169444,
        0.0,
        0.194444,
        0.131111,
        0.201111,
        0.196,
        0.327273,
        0.154667,
        0.202353,
        0.134375,
        0.081765,
        0.127059,
        0.150667,
        0.235333,
        0.190769,
        0.09,
        0.12,
        0.205625,
        0.111875,
        0.162941,
        0.171176
      ],
      [
        0.210476,
        0.114444,
        0.274706,
        0.212353,
        0.24125,
        0.318889,
        0.190476,
        0.194444,
        0.0,
        0.210952,
        0.287,
        0.284,
        0.205833,
        0.208667,
        0.138889,
        0.238824,
        0.194118,
        0.182778,
        0.269333,
        0.14875,
        0.197692,
        0.178235,
        0.197059,
        0.297647,
        0.204118,
        0.235789,
        0.1075
      ],
      [
        0.183333,
        0.115,
        0.25125,
        0.161667,
        0.208235,
        0.238824,
        0.100476,
        0.131111,
        0.210952,
        0.0,
        0.232381,
        0.250588,
        0.386364,
        0.106667,
        0.257059,
        0.230625,
        0.129412,
        0.096842,
        0.258,
        0.180625,
        0.311429,
        0.118824,
        0.141875,
        0.296875,
        0.124118,
        0.113889,
        0.141
      ],
      [
        0.123684,
        0.22,
        0.235294,
        0.230588,
        0.244118,
        0.225,
        0.241579,
        0.201111,
        0.287,
        0.232381,
        0.0,
        0.27,
        0.42,
        0.222667,
        0.32,
        0.199375,
        0.248824,
        0.185556,
        0.292667,
        0.310667,
        0.347143,
        0.198824,
        0.224706,
        0.241765,
        0.150588,
        0.207895,
        0.262222
      ],
      [
        0.271333,
        0.34,
        0.173333,
        0.133125,
        0.1425,
        0.220714,
        0.327333,
        0.196,
        0.284,
        0.250588,
        0.27,
        0.0,
        0.215,
        0.239286,
        0.164667,
        0.186,
        0.209333,
        0.248,
        0.109333,
        0.33,
        0.205385,
        0.214,
        0.142857,
        0.246667,
        0.2,
        0.244375,
        0.310667
      ],
      [
        0.425455,
        0.37,
        0.290769,
        0.279091,
        0.276364,
        0.243333,
        0.458182,
        0.327273,
        0.205833,
        0.386364,
        0.42,
        0.215,
        0.0,
        0.39,
        0.163333,
        0.279,
        0.279091,
        0.374167,
        0.191,
        0.281,
        0.062222,
        0.346364,
        0.221667,
        0.2425,
        0.3425,
        0.4,
        0.258
      ],
      [
        0.204,
        0.106667,
        0.241333,
        0.156667,
        0.183333,
        0.27,
        0.097333,
        0.154667,
        0.208667,
        0.106667,
        0.222667,
        0.239286,
        0.39,
        0.0,
        0.272,
        0.277143,
        0.163333,
        0.063333,
        0.249286,
        0.126429,
        0.328333,
        0.088667,
        0.163571,
        0.326429,
        0.101333,
        0.054,
        0.175
      ],
      [
        0.249412,
        0.208571,
        0.234706,
        0.174118,
        0.204375,
        0.260588,
        0.325294,
        0.202353,
        0.138889,
        0.257059,
        0.32,
        0.164667,
        0.163333,
        0.272,
        0.0,
        0.17375,
        0.192353,
        0.280625,
        0.180667,
        0.221333,
        0.115385,
        0.22875,
        0.133125,
        0.24625,
        0.246471,
        0.272222,
        0.189375
      ],
      [
        0.1575,
        0.208571,
        0.152667,
        0.1525,
        0.168667,
        0.180667,
        0.304375,
        0.134375,
        0.238824,
        0.230625,
        0.199375,
        0.186,
        0.279,
        0.277143,
        0.17375,
        0.0,
        0.155625,
        0.247333,
        0.131333,
        0.321333,
        0.18,
        0.202667,
        0.144,
        0.159333,
        0.203333,
        0.261765,
        0.257647
      ],
      [
        0.191176,
        0.088571,
        0.183125,
        0.098235,
        0.13375,
        0.165,
        0.187059,
        0.081765,
        0.194118,
        0.129412,
        0.248824,
        0.209333,
        0.279091,
        0.163333,
        0.192353,
        0.155625,
        0.0,
        0.15375,
        0.173333,
        0.21,
        0.177692,
        0.106875,
        0.094,
        0.193333,
        0.14625,
        0.168235,
        0.18125
      ],
      [
        0.165,
        0.1075,
        0.241875,
        0.176875,
        0.195,
        0.280625,
        0.083333,
        0.127059,
        0.182778,
        0.096842,
        0.185556,
        0.248,
        0.374167,
        0.063333,
        0.280625,
        0.247333,
        0.15375,
        0.0,
        0.258667,
        0.150625,
        0.306923,
        0.100625,
        0.157333,
        0.295,
        0.09125,
        0.0825,
        0.127647
      ],
      [
        0.263333,
        0.315,
        0.116,
        0.112667,
        0.086667,
        0.150714,
        0.336667,
        0.150667,
        0.269333,
        0.258,
        0.292667,
        0.109333,
        0.191,
        0.249286,
        0.180667,
        0.131333,
        0.173333,
        0.258667,
        0.0,
        0.339333,
        0.146154,
        0.187333,
        0.128571,
        0.193333,
        0.202667,
        0.256667,
        0.330667
      ],
      [
        0.263125,
        0.121429,
        0.303333,
        0.264,
        0.291333,
        0.380714,
        0.1525,
        0.235333,
        0.14875,
        0.180625,
        0.310667,
        0.33,
        0.281,
        0.126429,
        0.221333,
        0.321333,
        0.21,
        0.150625,
        0.339333,
        0.0,
        0.281538,
        0.181333,
        0.258571,
        0.398,
        0.178,
        0.150667,
        0.11125
      ],
      [
        0.316154,
        0.276,
        0.202143,
        0.188462,
        0.209231,
        0.161538,
        0.373077,
        0.190769,
        0.197692,
        0.311429,
        0.347143,
        0.205385,
        0.062222,
        0.328333,
        0.115385,
        0.18,
        0.177692,
        0.306923,
        0.146154,
        0.281538,
        0.0,
        0.245385,
        0.163077,
        0.195,
        0.252308,
        0.310769,
        0.239286
      ],
      [
        0.150588,
        0.083333,
        0.18,
        0.12875,
        0.134375,
        0.208667,
        0.154706,
        0.09,
        0.178235,
        0.118824,
        0.198824,
        0.214,
        0.346364,
        0.088667,
        0.22875,
        0.202667,
        0.106875,
        0.100625,
        0.187333,
        0.181333,
        0.245385,
        0.0,
        0.13,
        0.263333,
        0.076875,
        0.106875,
        0.175333
      ],
      [
        0.190625,
        0.19,
        0.185625,
        0.084667,
        0.134286,
        0.149412,
        0.2175,
        0.12,
        0.197059,
        0.141875,
        0.224706,
        0.142857,
        0.221667,
        0.163571,
        0.133125,
        0.144,
        0.094,
        0.157333,
        0.128571,
        0.258571,
        0.163077,
        0.13,
        0.0,
        0.154118,
        0.134667,
        0.1975,
        0.213125
      ],
      [
        0.26375,
        0.34,
        0.241765,
        0.206,
        0.245333,
        0.082941,
        0.36125,
        0.205625,
        0.297647,
        0.296875,
        0.241765,
        0.246667,
        0.2425,
        0.326429,
        0.24625,
        0.159333,
        0.193333,
        0.295,
        0.193333,
        0.398,
        0.195,
        0.263333,
        0.154118,
        0.0,
        0.270625,
        0.318125,
        0.35375
      ],
      [
        0.143125,
        0.111667,
        0.194118,
        0.133529,
        0.14,
        0.22625,
        0.158125,
        0.111875,
        0.204118,
        0.124118,
        0.150588,
        0.2,
        0.3425,
        0.101333,
        0.246471,
        0.203333,
        0.14625,
        0.09125,
        0.202667,
        0.178,
        0.252308,
        0.076875,
        0.134667,
        0.270625,
        0.0,
        0.141765,
        0.168
      ],
      [
        0.213529,
        0.122857,
        0.222941,
        0.164118,
        0.201176,
        0.234118,
        0.110588,
        0.162941,
        0.235789,
        0.113889,
        0.207895,
        0.244375,
        0.4,
        0.054,
        0.272222,
        0.261765,
        0.168235,
        0.0825,
        0.256667,
        0.150667,
        0.310769,
        0.106875,
        0.1975,
        0.318125,
        0.141765,
        0.0,
        0.192353
      ],
      [
        0.201579,
        0.111,
        0.3,
        0.240625,
        0.277333,
        0.331875,
        0.129474,
        0.171176,
        0.1075,
        0.141,
        0.262222,
        0.310667,
        0.258,
        0.175,
        0.189375,
        0.257647,
        0.18125,
        0.127647,
        0.330667,
        0.11125,
        0.239286,
        0.175333,
        0.213125,
        0.35375,
        0.168,
        0.192353,
        0.0
      ]
    ],
    "pair_count_matrix": [
      [
        0,
        9,
        16,
        17,
        16,
        17,
        21,
        18,
        21,
        21,
        19,
        15,
        11,
        15,
        17,
        16,
        17,
        18,
        15,
        16,
        13,
        17,
        16,
        16,
        16,
        17,
        19
      ],
      [
        9,
        0,
        6,
        7,
        6,
        8,
        9,
        8,
        9,
        10,
        9,
        6,
        2,
        6,
        7,
        7,
        7,
        8,
        6,
        7,
        5,
        6,
        8,
        7,
        6,
        7,
        10
      ],
      [
        16,
        6,
        0,
        16,
        16,
        17,
        16,
        16,
        17,
        16,
        17,
        15,
        13,
        15,
        17,
        15,
        16,
        16,
        15,
        15,
        14,
        16,
        16,
        17,
        17,
        17,
        15
      ],
      [
        17,
        7,
        16,
        0,
        16,
        16,
        17,
        17,
        17,
        18,
        17,
        16,
        11,
        15,
        17,
        16,
        17,
        16,
        15,
        15,
        13,
        16,
        15,
        15,
        17,
        17,
        16
      ],
      [
        16,
        6,
        16,
        16,
        0,
        15,
        16,
        16,
        16,
        17,
        17,
        16,
        11,
        15,
        16,
        15,
        16,
        16,
        15,
        15,
        13,
        16,
        14,
        15,
        16,
        17,
        15
      ],
      [
        17,
        8,
        17,
        16,
        15,
        0,
        17,
        17,
        18,
        17,
        18,
        14,
        12,
        14,
        17,
        15,
        16,
        16,
        14,
        14,
        13,
        15,
        17,
        17,
        16,
        17,
        16
      ],
      [
        21,
        9,
        16,
        17,
        16,
        17,
        0,
        18,
        21,
        21,
        19,
        15,
        11,
        15,
        17,
        16,
        17,
        18,
        15,
        16,
        13,
        17,
        16,
        16,
        16,
        17,
        19
      ],
      [
        18,
        8,
        16,
        17,
        16,
        17,
        18,
        0,
        18,
        18,
        18,
        15,
        11,
        15,
        17,
        16,
        17,
        17,
        15,
        15,
        13,
        16,
        16,
        16,
        16,
        17,
        17
      ],
      [
        21,
        9,
        17,
        17,
        16,
        18,
        21,
        18,
        0,
        21,
        20,
        15,
        12,
        15,
        18,
        17,
        17,
        18,
        15,
        16,
        13,
        17,
        17,
        17,
        17,
        19,
        20
      ],
      [
        21,
        10,
        16,
        18,
        17,
        17,
        21,
        18,
        21,
        0,
        21,
        17,
        11,
        15,
        17,
        16,
        17,
        19,
        15,
        16,
        14,
        17,
        16,
        16,
        17,
        18,
        20
      ],
      [
        19,
        9,
        17,
        17,
        17,
        18,
        19,
        18,
        20,
        21,
        0,
        16,
        13,
        15,
        18,
        16,
        17,
        18,
        15,
        15,
        14,
        17,
        17,
        17,
        17,
        19,
        18
      ],
      [
        15,
        6,
        15,
        16,
        16,
        14,
        15,
        15,
        15,
        17,
        16,
        0,
        10,
        14,
        15,
        15,
        15,
        15,
        15,
        15,
        13,
        15,
        14,
        15,
        16,
        16,
        15
      ],
      [
        11,
        2,
        13,
        11,
        11,
        12,
        11,
        11,
        12,
        11,
        13,
        10,
        0,
        11,
        12,
        10,
        11,
        12,
        10,
        10,
        9,
        11,
        12,
        12,
        12,
        12,
        10
      ],
      [
        15,
        6,
        15,
        15,
        15,
        14,
        15,
        15,
        15,
        15,
        15,
        14,
        11,
        0,
        15,
        14,
        15,
        15,
        14,
        14,
        12,
        15,
        14,
        14,
        15,
        15,
        14
      ],
      [
        17,
        7,
        17,
        17,
        16,
        17,
        17,
        17,
        18,
        17,
        18,
        15,
        12,
        15,
        0,
        16,
        17,
        16,
        15,
        15,
        13,
        16,
        16,
        16,
        17,
        18,
        16
      ],
      [
        16,
        7,
        15,
        16,
        15,
        15,
        16,
        16,
        17,
        16,
        16,
        15,
        10,
        14,
        16,
        0,
        16,
        15,
        15,
        15,
        13,
        15,
        15,
        15,
        15,
        17,
        17
      ],
      [
        17,
        7,
        16,
        17,
        16,
        16,
        17,
        17,
        17,
        17,
        17,
        15,
        11,
        15,
        17,
        16,
        0,
        16,
        15,
        15,
        13,
        16,
        15,
        15,
        16,
        17,
        16
      ],
      [
        18,
        8,
        16,
        16,
        16,
        16,
        18,
        17,
        18,
        19,
        18,
        15,
        12,
        15,
        16,
        15,
        16,
        0,
        15,
        16,
        13,
        16,
        15,
        16,
        16,
        16,
        17
      ],
      [
        15,
        6,
        15,
        15,
        15,
        14,
        15,
        15,
        15,
        15,
        15,
        15,
        10,
        14,
        15,
        15,
        15,
        15,
        0,
        15,
        13,
        15,
        14,
        15,
        15,
        15,
        15
      ],
      [
        16,
        7,
        15,
        15,
        15,
        14,
        16,
        15,
        16,
        16,
        15,
        15,
        10,
        14,
        15,
        15,
        15,
        16,
        15,
        0,
        13,
        15,
        14,
        15,
        15,
        15,
        16
      ],
      [
        13,
        5,
        14,
        13,
        13,
        13,
        13,
        13,
        13,
        14,
        14,
        13,
        9,
        12,
        13,
        13,
        13,
        13,
        13,
        13,
        0,
        13,
        13,
        14,
        13,
        13,
        14
      ],
      [
        17,
        6,
        16,
        16,
        16,
        15,
        17,
        16,
        17,
        17,
        17,
        15,
        11,
        15,
        16,
        15,
        16,
        16,
        15,
        15,
        13,
        0,
        14,
        15,
        16,
        16,
        15
      ],
      [
        16,
        8,
        16,
        15,
        14,
        17,
        16,
        16,
        17,
        16,
        17,
        14,
        12,
        14,
        16,
        15,
        15,
        15,
        14,
        14,
        13,
        14,
        0,
        17,
        15,
        16,
        16
      ],
      [
        16,
        7,
        17,
        15,
        15,
        17,
        16,
        16,
        17,
        16,
        17,
        15,
        12,
        14,
        16,
        15,
        15,
        16,
        15,
        15,
        14,
        15,
        17,
        0,
        16,
        16,
        16
      ],
      [
        16,
        6,
        17,
        17,
        16,
        16,
        16,
        16,
        17,
        17,
        17,
        16,
        12,
        15,
        17,
        15,
        16,
        16,
        15,
        15,
        13,
        16,
        15,
        16,
        0,
        17,
        15
      ],
      [
        17,
        7,
        17,
        17,
        17,
        17,
        17,
        17,
        19,
        18,
        19,
        16,
        12,
        15,
        18,
        17,
        17,
        16,
        15,
        15,
        13,
        16,
        16,
        16,
        17,
        0,
        17
      ],
      [
        19,
        10,
        15,
        16,
        15,
        16,
        19,
        17,
        20,
        20,
        18,
        15,
        10,
        14,
        16,
        17,
        16,
        17,
        15,
        16,
        14,
        15,
        16,
        16,
        15,
        17,
        0
      ]
    ],
    "pair_records": [
      {
        "country_a": "Austria",
        "country_b": "Belgium",
        "distance": 0.135556,
        "pair_count": 9
      },
      {
        "country_a": "Austria",
        "country_b": "Bulgaria",
        "distance": 0.225,
        "pair_count": 16
      },
      {
        "country_a": "Austria",
        "country_b": "Croatia",
        "distance": 0.201176,
        "pair_count": 17
      },
      {
        "country_a": "Austria",
        "country_b": "Cyprus",
        "distance": 0.216875,
        "pair_count": 16
      },
      {
        "country_a": "Austria",
        "country_b": "Czechia",
        "distance": 0.261176,
        "pair_count": 17
      },
      {
        "country_a": "Austria",
        "country_b": "Denmark",
        "distance": 0.197143,
        "pair_count": 21
      },
      {
        "country_a": "Austria",
        "country_b": "Estonia",
        "distance": 0.17,
        "pair_count": 18
      },
      {
        "country_a": "Austria",
        "country_b": "Finland",
        "distance": 0.210476,
        "pair_count": 21
      },
      {
        "country_a": "Austria",
        "country_b": "France",
        "distance": 0.183333,
        "pair_count": 21
      },
      {
        "country_a": "Austria",
        "country_b": "Germany",
        "distance": 0.123684,
        "pair_count": 19
      },
      {
        "country_a": "Austria",
        "country_b": "Greece",
        "distance": 0.271333,
        "pair_count": 15
      },
      {
        "country_a": "Austria",
        "country_b": "Hungary",
        "distance": 0.425455,
        "pair_count": 11
      },
      {
        "country_a": "Austria",
        "country_b": "Ireland",
        "distance": 0.204,
        "pair_count": 15
      },
      {
        "country_a": "Austria",
        "country_b": "Italy",
        "distance": 0.249412,
        "pair_count": 17
      },
      {
        "country_a": "Austria",
        "country_b": "Latvia",
        "distance": 0.1575,
        "pair_count": 16
      },
      {
        "country_a": "Austria",
        "country_b": "Lithuania",
        "distance": 0.191176,
        "pair_count": 17
      },
      {
        "country_a": "Austria",
        "country_b": "Luxembourg",
        "distance": 0.165,
        "pair_count": 18
      },
      {
        "country_a": "Austria",
        "country_b": "Malta",
        "distance": 0.263333,
        "pair_count": 15
      },
      {
        "country_a": "Austria",
        "country_b": "Netherlands",
        "distance": 0.263125,
        "pair_count": 16
      },
      {
        "country_a": "Austria",
        "country_b": "Poland",
        "distance": 0.316154,
        "pair_count": 13
      },
      {
        "country_a": "Austria",
        "country_b": "Portugal",
        "distance": 0.150588,
        "pair_count": 17
      },
      {
        "country_a": "Austria",
        "country_b": "Romania",
        "distance": 0.190625,
        "pair_count": 16
      },
      {
        "country_a": "Austria",
        "country_b": "Slovakia",
        "distance": 0.26375,
        "pair_count": 16
      },
      {
        "country_a": "Austria",
        "country_b": "Slovenia",
        "distance": 0.143125,
        "pair_count": 16
      },
      {
        "country_a": "Austria",
        "country_b": "Spain",
        "distance": 0.213529,
        "pair_count": 17
      },
      {
        "country_a": "Austria",
        "country_b": "Sweden",
        "distance": 0.201579,
        "pair_count": 19
      },
      {
        "country_a": "Belgium",
        "country_b": "Bulgaria",
        "distance": 0.348333,
        "pair_count": 6
      },
      {
        "country_a": "Belgium",
        "country_b": "Croatia",
        "distance": 0.175714,
        "pair_count": 7
      },
      {
        "country_a": "Belgium",
        "country_b": "Cyprus",
        "distance": 0.238333,
        "pair_count": 6
      },
      {
        "country_a": "Belgium",
        "country_b": "Czechia",
        "distance": 0.3375,
        "pair_count": 8
      },
      {
        "country_a": "Belgium",
        "country_b": "Denmark",
        "distance": 0.115556,
        "pair_count": 9
      },
      {
        "country_a": "Belgium",
        "country_b": "Estonia",
        "distance": 0.12,
        "pair_count": 8
      },
      {
        "country_a": "Belgium",
        "country_b": "Finland",
        "distance": 0.114444,
        "pair_count": 9
      },
      {
        "country_a": "Belgium",
        "country_b": "France",
        "distance": 0.115,
        "pair_count": 10
      },
      {
        "country_a": "Belgium",
        "country_b": "Germany",
        "distance": 0.22,
        "pair_count": 9
      },
      {
        "country_a": "Belgium",
        "country_b": "Greece",
        "distance": 0.34,
        "pair_count": 6
      },
      {
        "country_a": "Belgium",
        "country_b": "Hungary",
        "distance": 0.37,
        "pair_count": 2
      },
      {
        "country_a": "Belgium",
        "country_b": "Ireland",
        "distance": 0.106667,
        "pair_count": 6
      },
      {
        "country_a": "Belgium",
        "country_b": "Italy",
        "distance": 0.208571,
        "pair_count": 7
      },
      {
        "country_a": "Belgium",
        "country_b": "Latvia",
        "distance": 0.208571,
        "pair_count": 7
      },
      {
        "country_a": "Belgium",
        "country_b": "Lithuania",
        "distance": 0.088571,
        "pair_count": 7
      },
      {
        "country_a": "Belgium",
        "country_b": "Luxembourg",
        "distance": 0.1075,
        "pair_count": 8
      },
      {
        "country_a": "Belgium",
        "country_b": "Malta",
        "distance": 0.315,
        "pair_count": 6
      },
      {
        "country_a": "Belgium",
        "country_b": "Netherlands",
        "distance": 0.121429,
        "pair_count": 7
      },
      {
        "country_a": "Belgium",
        "country_b": "Poland",
        "distance": 0.276,
        "pair_count": 5
      },
      {
        "country_a": "Belgium",
        "country_b": "Portugal",
        "distance": 0.083333,
        "pair_count": 6
      },
      {
        "country_a": "Belgium",
        "country_b": "Romania",
        "distance": 0.19,
        "pair_count": 8
      },
      {
        "country_a": "Belgium",
        "country_b": "Slovakia",
        "distance": 0.34,
        "pair_count": 7
      },
      {
        "country_a": "Belgium",
        "country_b": "Slovenia",
        "distance": 0.111667,
        "pair_count": 6
      },
      {
        "country_a": "Belgium",
        "country_b": "Spain",
        "distance": 0.122857,
        "pair_count": 7
      },
      {
        "country_a": "Belgium",
        "country_b": "Sweden",
        "distance": 0.111,
        "pair_count": 10
      },
      {
        "country_a": "Bulgaria",
        "country_b": "Croatia",
        "distance": 0.13875,
        "pair_count": 16
      },
      {
        "country_a": "Bulgaria",
        "country_b": "Cyprus",
        "distance": 0.115625,
        "pair_count": 16
      },
      {
        "country_a": "Bulgaria",
        "country_b": "Czechia",
        "distance": 0.194706,
        "pair_count": 17
      },
      {
        "country_a": "Bulgaria",
        "country_b": "Denmark",
        "distance": 0.3175,
        "pair_count": 16
      },
      {
        "country_a": "Bulgaria",
        "country_b": "Estonia",
        "distance": 0.1925,
        "pair_count": 16
      },
      {
        "country_a": "Bulgaria",
        "country_b": "Finland",
        "distance": 0.274706,
        "pair_count": 17
      },
      {
        "country_a": "Bulgaria",
        "country_b": "France",
        "distance": 0.25125,
        "pair_count": 16
      },
      {
        "country_a": "Bulgaria",
        "country_b": "Germany",
        "distance": 0.235294,
        "pair_count": 17
      },
      {
        "country_a": "Bulgaria",
        "country_b": "Greece",
        "distance": 0.173333,
        "pair_count": 15
      },
      {
        "country_a": "Bulgaria",
        "country_b": "Hungary",
        "distance": 0.290769,
        "pair_count": 13
      },
      {
        "country_a": "Bulgaria",
        "country_b": "Ireland",
        "distance": 0.241333,
        "pair_count": 15
      },
      {
        "country_a": "Bulgaria",
        "country_b": "Italy",
        "distance": 0.234706,
        "pair_count": 17
      },
      {
        "country_a": "Bulgaria",
        "country_b": "Latvia",
        "distance": 0.152667,
        "pair_count": 15
      },
      {
        "country_a": "Bulgaria",
        "country_b": "Lithuania",
        "distance": 0.183125,
        "pair_count": 16
      },
      {
        "country_a": "Bulgaria",
        "country_b": "Luxembourg",
        "distance": 0.241875,
        "pair_count": 16
      },
      {
        "country_a": "Bulgaria",
        "country_b": "Malta",
        "distance": 0.116,
        "pair_count": 15
      },
      {
        "country_a": "Bulgaria",
        "country_b": "Netherlands",
        "distance": 0.303333,
        "pair_count": 15
      },
      {
        "country_a": "Bulgaria",
        "country_b": "Poland",
        "distance": 0.202143,
        "pair_count": 14
      },
      {
        "country_a": "Bulgaria",
        "country_b": "Portugal",
        "distance": 0.18,
        "pair_count": 16
      },
      {
        "country_a": "Bulgaria",
        "country_b": "Romania",
        "distance": 0.185625,
        "pair_count": 16
      },
      {
        "country_a": "Bulgaria",
        "country_b": "Slovakia",
        "distance": 0.241765,
        "pair_count": 17
      },
      {
        "country_a": "Bulgaria",
        "country_b": "Slovenia",
        "distance": 0.194118,
        "pair_count": 17
      },
      {
        "country_a": "Bulgaria",
        "country_b": "Spain",
        "distance": 0.222941,
        "pair_count": 17
      },
      {
        "country_a": "Bulgaria",
        "country_b": "Sweden",
        "distance": 0.3,
        "pair_count": 15
      },
      {
        "country_a": "Croatia",
        "country_b": "Cyprus",
        "distance": 0.066875,
        "pair_count": 16
      },
      {
        "country_a": "Croatia",
        "country_b": "Czechia",
        "distance": 0.176875,
        "pair_count": 16
      },
      {
        "country_a": "Croatia",
        "country_b": "Denmark",
        "distance": 0.227647,
        "pair_count": 17
      },
      {
        "country_a": "Croatia",
        "country_b": "Estonia",
        "distance": 0.107059,
        "pair_count": 17
      },
      {
        "country_a": "Croatia",
        "country_b": "Finland",
        "distance": 0.212353,
        "pair_count": 17
      },
      {
        "country_a": "Croatia",
        "country_b": "France",
        "distance": 0.161667,
        "pair_count": 18
      },
      {
        "country_a": "Croatia",
        "country_b": "Germany",
        "distance": 0.230588,
        "pair_count": 17
      },
      {
        "country_a": "Croatia",
        "country_b": "Greece",
        "distance": 0.133125,
        "pair_count": 16
      },
      {
        "country_a": "Croatia",
        "country_b": "Hungary",
        "distance": 0.279091,
        "pair_count": 11
      },
      {
        "country_a": "Croatia",
        "country_b": "Ireland",
        "distance": 0.156667,
        "pair_count": 15
      },
      {
        "country_a": "Croatia",
        "country_b": "Italy",
        "distance": 0.174118,
        "pair_count": 17
      },
      {
        "country_a": "Croatia",
        "country_b": "Latvia",
        "distance": 0.1525,
        "pair_count": 16
      },
      {
        "country_a": "Croatia",
        "country_b": "Lithuania",
        "distance": 0.098235,
        "pair_count": 17
      },
      {
        "country_a": "Croatia",
        "country_b": "Luxembourg",
        "distance": 0.176875,
        "pair_count": 16
      },
      {
        "country_a": "Croatia",
        "country_b": "Malta",
        "distance": 0.112667,
        "pair_count": 15
      },
      {
        "country_a": "Croatia",
        "country_b": "Netherlands",
        "distance": 0.264,
        "pair_count": 15
      },
      {
        "country_a": "Croatia",
        "country_b": "Poland",
        "distance": 0.188462,
        "pair_count": 13
      },
      {
        "country_a": "Croatia",
        "country_b": "Portugal",
        "distance": 0.12875,
        "pair_count": 16
      },
      {
        "country_a": "Croatia",
        "country_b": "Romania",
        "distance": 0.084667,
        "pair_count": 15
      },
      {
        "country_a": "Croatia",
        "country_b": "Slovakia",
        "distance": 0.206,
        "pair_count": 15
      },
      {
        "country_a": "Croatia",
        "country_b": "Slovenia",
        "distance": 0.133529,
        "pair_count": 17
      },
      {
        "country_a": "Croatia",
        "country_b": "Spain",
        "distance": 0.164118,
        "pair_count": 17
      },
      {
        "country_a": "Croatia",
        "country_b": "Sweden",
        "distance": 0.240625,
        "pair_count": 16
      },
      {
        "country_a": "Cyprus",
        "country_b": "Czechia",
        "distance": 0.202,
        "pair_count": 15
      },
      {
        "country_a": "Cyprus",
        "country_b": "Denmark",
        "distance": 0.253125,
        "pair_count": 16
      },
      {
        "country_a": "Cyprus",
        "country_b": "Estonia",
        "distance": 0.115625,
        "pair_count": 16
      },
      {
        "country_a": "Cyprus",
        "country_b": "Finland",
        "distance": 0.24125,
        "pair_count": 16
      },
      {
        "country_a": "Cyprus",
        "country_b": "France",
        "distance": 0.208235,
        "pair_count": 17
      },
      {
        "country_a": "Cyprus",
        "country_b": "Germany",
        "distance": 0.244118,
        "pair_count": 17
      },
      {
        "country_a": "Cyprus",
        "country_b": "Greece",
        "distance": 0.1425,
        "pair_count": 16
      },
      {
        "country_a": "Cyprus",
        "country_b": "Hungary",
        "distance": 0.276364,
        "pair_count": 11
      },
      {
        "country_a": "Cyprus",
        "country_b": "Ireland",
        "distance": 0.183333,
        "pair_count": 15
      },
      {
        "country_a": "Cyprus",
        "country_b": "Italy",
        "distance": 0.204375,
        "pair_count": 16
      },
      {
        "country_a": "Cyprus",
        "country_b": "Latvia",
        "distance": 0.168667,
        "pair_count": 15
      },
      {
        "country_a": "Cyprus",
        "country_b": "Lithuania",
        "distance": 0.13375,
        "pair_count": 16
      },
      {
        "country_a": "Cyprus",
        "country_b": "Luxembourg",
        "distance": 0.195,
        "pair_count": 16
      },
      {
        "country_a": "Cyprus",
        "country_b": "Malta",
        "distance": 0.086667,
        "pair_count": 15
      },
      {
        "country_a": "Cyprus",
        "country_b": "Netherlands",
        "distance": 0.291333,
        "pair_count": 15
      },
      {
        "country_a": "Cyprus",
        "country_b": "Poland",
        "distance": 0.209231,
        "pair_count": 13
      },
      {
        "country_a": "Cyprus",
        "country_b": "Portugal",
        "distance": 0.134375,
        "pair_count": 16
      },
      {
        "country_a": "Cyprus",
        "country_b": "Romania",
        "distance": 0.134286,
        "pair_count": 14
      },
      {
        "country_a": "Cyprus",
        "country_b": "Slovakia",
        "distance": 0.245333,
        "pair_count": 15
      },
      {
        "country_a": "Cyprus",
        "country_b": "Slovenia",
        "distance": 0.14,
        "pair_count": 16
      },
      {
        "country_a": "Cyprus",
        "country_b": "Spain",
        "distance": 0.201176,
        "pair_count": 17
      },
      {
        "country_a": "Cyprus",
        "country_b": "Sweden",
        "distance": 0.277333,
        "pair_count": 15
      },
      {
        "country_a": "Czechia",
        "country_b": "Denmark",
        "distance": 0.296471,
        "pair_count": 17
      },
      {
        "country_a": "Czechia",
        "country_b": "Estonia",
        "distance": 0.183529,
        "pair_count": 17
      },
      {
        "country_a": "Czechia",
        "country_b": "Finland",
        "distance": 0.318889,
        "pair_count": 18
      },
      {
        "country_a": "Czechia",
        "country_b": "France",
        "distance": 0.238824,
        "pair_count": 17
      },
      {
        "country_a": "Czechia",
        "country_b": "Germany",
        "distance": 0.225,
        "pair_count": 18
      },
      {
        "country_a": "Czechia",
        "country_b": "Greece",
        "distance": 0.220714,
        "pair_count": 14
      },
      {
        "country_a": "Czechia",
        "country_b": "Hungary",
        "distance": 0.243333,
        "pair_count": 12
      },
      {
