{
  "generated_at": "2025-11-15T16:37:49.291405+00:00",
  "parameters": {
    "outputs_dir": "outputs_combined",
    "min_pair_count": 3
  },
  "label": "General Affairs Council",
  "category": "council",
  "min_pair_threshold": 3,
  "data": {
    "countries": [
      "Austria",
      "Belgium",
      "Bulgaria",
      "Croatia",
      "Cyprus",
      "Czechia",
      "Denmark",
      "Estonia",
      "Finland",
      "France",
      "Germany",
      "Greece",
      "Hungary",
      "Ireland",
      "Italy",
      "Latvia",
      "Lithuania",
      "Luxembourg",
      "Malta",
      "Netherlands",
      "Poland",
      "Portugal",
      "Romania",
      "Slovakia",
      "Slovenia",
      "Spain",
      "Sweden"
    ],
    "distance_matrix": [
      [
        0.0,
        0.17,
        0.086667,
        0.053333,
        0.07,
        0.226667,
        0.31,
        0.23,
        0.283333,
        0.126667,
        0.213333,
        0.093333,
        0.22,
        0.213333,
        0.066667,
        0.266667,
        0.213333,
        0.115,
        0.056667,
        0.153333,
        0.25,
        0.166667,
        0.116667,
        0.09,
        0.173333,
        0.12,
        0.336667
      ],
      [
        0.17,
        0.0,
        0.113333,
        0.103333,
        0.06,
        0.133333,
        0.185,
        0.046667,
        0.11,
        0.093333,
        0.04,
        0.08,
        0.22,
        0.04,
        0.1,
        0.066667,
        0.073333,
        0.085,
        0.096667,
        0.136667,
        0.05,
        0.02,
        0.086667,
        0.215,
        0.05,
        0.093333,
        0.11
      ],
      [
        0.086667,
        0.113333,
        0.0,
        0.054,
        0.053333,
        0.133333,
        0.2675,
        0.23,
        0.12,
        0.094,
        0.145,
        0.06,
        0.1825,
        0.1,
        0.094,
        0.168,
        0.115,
        0.072,
        0.026,
        0.16,
        0.105,
        0.076,
        0.066667,
        0.07,
        0.0825,
        0.096,
        0.17
      ],
      [
        0.053333,
        0.103333,
        0.054,
        0.0,
        0.038,
        0.156,
        0.275,
        0.21,
        0.142,
        0.068,
        0.194,
        0.086,
        0.216667,
        0.106,
        0.088,
        0.202,
        0.114,
        0.055,
        0.044,
        0.21,
        0.15,
        0.094,
        0.044,
        0.07,
        0.115,
        0.07,
        0.208
      ],
      [
        0.07,
        0.06,
        0.053333,
        0.038,
        0.0,
        0.11,
        0.214,
        0.2025,
        0.126667,
        0.058,
        0.158333,
        0.056,
        0.19,
        0.104,
        0.082,
        0.18,
        0.101667,
        0.052,
        0.038,
        0.153333,
        0.088,
        0.072,
        0.033333,
        0.0725,
        0.0775,
        0.06,
        0.173333
      ],
      [
        0.226667,
        0.133333,
        0.133333,
        0.156,
        0.11,
        0.0,
        0.315,
        0.2425,
        0.153333,
        0.172,
        0.218333,
        0.174,
        0.1725,
        0.178,
        0.212,
        0.206,
        0.128333,
        0.116,
        0.152,
        0.263333,
        0.075,
        0.154,
        0.123333,
        0.1275,
        0.2,
        0.182,
        0.2
      ],
      [
        0.31,
        0.185,
        0.2675,
        0.275,
        0.214,
        0.315,
        0.0,
        0.13,
        0.0975,
        0.215,
        0.1675,
        0.22,
        0.29,
        0.1825,
        0.21,
        0.1175,
        0.1525,
        0.266667,
        0.28,
        0.175,
        0.1375,
        0.1775,
        0.235,
        0.385,
        0.22,
        0.2075,
        0.1
      ],
      [
        0.23,
        0.046667,
        0.23,
        0.21,
        0.2025,
        0.2425,
        0.13,
        0.0,
        0.16,
        0.2075,
        0.085,
        0.1875,
        0.266667,
        0.15,
        0.1725,
        0.085,
        0.14,
        0.236667,
        0.2325,
        0.155,
        0.245,
        0.15,
        0.205,
        0.255,
        0.236667,
        0.195,
        0.1225
      ],
      [
        0.283333,
        0.11,
        0.12,
        0.142,
        0.126667,
        0.153333,
        0.0975,
        0.16,
        0.0,
        0.114,
        0.161667,
        0.14,
        0.23,
        0.088,
        0.186,
        0.108,
        0.048333,
        0.12,
        0.15,
        0.216667,
        0.055,
        0.08,
        0.096667,
        0.1975,
        0.1325,
        0.124,
        0.07
      ],
      [
        0.126667,
        0.093333,
        0.094,
        0.068,
        0.058,
        0.172,
        0.215,
        0.2075,
        0.114,
        0.0,
        0.178,
        0.066,
        0.186667,
        0.086,
        0.08,
        0.186,
        0.102,
        0.0375,
        0.076,
        0.17,
        0.08,
        0.07,
        0.044,
        0.133333,
        0.08,
        0.018,
        0.18
      ],
      [
        0.213333,
        0.04,
        0.145,
        0.194,
        0.158333,
        0.218333,
        0.1675,
        0.085,
        0.161667,
        0.178,
        0.0,
        0.132,
        0.22,
        0.1,
        0.138,
        0.08,
        0.156667,
        0.154,
        0.174,
        0.105,
        0.1775,
        0.116,
        0.161667,
        0.1875,
        0.1375,
        0.168,
        0.115
      ],
      [
        0.093333,
        0.08,
        0.06,
        0.086,
        0.056,
        0.174,
        0.22,
        0.1875,
        0.14,
        0.066,
        0.132,
        0.0,
        0.14,
        0.092,
        0.058,
        0.14,
        0.116,
        0.0325,
        0.054,
        0.136,
        0.096667,
        0.06,
        0.082,
        0.12,
        0.09,
        0.048,
        0.174
      ],
      [
        0.22,
        0.22,
        0.1825,
        0.216667,
        0.19,
        0.1725,
        0.29,
        0.266667,
        0.23,
        0.186667,
        0.22,
        0.14,
        0.0,
        0.203333,
        0.146667,
        0.17,
        0.225,
        0.193333,
        0.193333,
        0.1725,
        0.175,
        0.183333,
        0.23,
        0.185,
        0.215,
        0.3825,
        0.19
      ],
      [
        0.213333,
        0.04,
        0.1,
        0.106,
        0.104,
        0.178,
        0.1825,
        0.15,
        0.088,
        0.086,
        0.1,
        0.092,
        0.203333,
        0.0,
        0.138,
        0.1,
        0.1,
        0.085,
        0.114,
        0.156,
        0.09,
        0.032,
        0.09,
        0.193333,
        0.0475,
        0.084,
        0.102
      ],
      [
        0.066667,
        0.1,
        0.094,
        0.088,
        0.082,
        0.212,
        0.21,
        0.1725,
        0.186,
        0.08,
        0.138,
        0.058,
        0.146667,
        0.138,
        0.0,
        0.146,
        0.15,
        0.0725,
        0.076,
        0.122,
        0.173333,
        0.106,
        0.108,
        0.093333,
        0.14,
        0.062,
        0.192
      ],
      [
        0.266667,
        0.066667,
        0.168,
        0.202,
        0.18,
        0.206,
        0.1175,
        0.085,
        0.108,
        0.186,
        0.08,
        0.14,
        0.17,
        0.1,
        0.146,
        0.0,
        0.104,
        0.19,
        0.182,
        0.175,
        0.163333,
        0.116,
        0.19,
        0.273333,
        0.1475,
        0.176,
        0.058
      ],
      [
        0.213333,
        0.073333,
        0.115,
        0.114,
        0.101667,
        0.128333,
        0.1525,
        0.14,
        0.048333,
        0.102,
        0.156667,
        0.116,
        0.225,
        0.1,
        0.15,
        0.104,
        0.0,
        0.094,
        0.11,
        0.221667,
        0.0525,
        0.076,
        0.098333,
        0.1825,
        0.1175,
        0.112,
        0.105
      ],
      [
        0.115,
        0.085,
        0.072,
        0.055,
        0.052,
        0.116,
        0.266667,
        0.236667,
        0.12,
        0.0375,
        0.154,
        0.0325,
        0.193333,
        0.085,
        0.0725,
        0.19,
        0.094,
        0.0,
        0.045,
        0.188,
        0.09,
        0.055,
        0.052,
        0.105,
        0.106667,
        0.025,
        0.188
      ],
      [
        0.056667,
        0.096667,
        0.026,
        0.044,
        0.038,
        0.152,
        0.28,
        0.2325,
        0.15,
        0.076,
        0.174,
        0.054,
        0.193333,
        0.114,
        0.076,
        0.182,
        0.11,
        0.045,
        0.0,
        0.19,
        0.13,
        0.082,
        0.06,
        0.073333,
        0.09,
        0.078,
        0.216
      ],
      [
        0.153333,
        0.136667,
        0.16,
        0.21,
        0.153333,
        0.263333,
        0.175,
        0.155,
        0.216667,
        0.17,
        0.105,
        0.136,
        0.1725,
        0.156,
        0.122,
        0.175,
        0.221667,
        0.188,
        0.19,
        0.0,
        0.2075,
        0.164,
        0.18,
        0.1825,
        0.13,
        0.16,
        0.18
      ],
      [
        0.25,
        0.05,
        0.105,
        0.15,
        0.088,
        0.075,
        0.1375,
        0.245,
        0.055,
        0.08,
        0.1775,
        0.096667,
        0.175,
        0.09,
        0.173333,
        0.163333,
        0.0525,
        0.09,
        0.13,
        0.2075,
        0.0,
        0.056667,
        0.095,
        0.196667,
        0.11,
        0.096667,
        0.145
      ],
      [
        0.166667,
        0.02,
        0.076,
        0.094,
        0.072,
        0.154,
        0.1775,
        0.15,
        0.08,
        0.07,
        0.116,
        0.06,
        0.183333,
        0.032,
        0.106,
        0.116,
        0.076,
        0.055,
        0.082,
        0.164,
        0.056667,
        0.0,
        0.082,
        0.166667,
        0.0525,
        0.068,
        0.134
      ],
      [
        0.116667,
        0.086667,
        0.066667,
        0.044,
        0.033333,
        0.123333,
        0.235,
        0.205,
        0.096667,
        0.044,
        0.161667,
        0.082,
        0.23,
        0.09,
        0.108,
        0.19,
        0.098333,
        0.052,
        0.06,
        0.18,
        0.095,
        0.082,
        0.0,
        0.075,
        0.09,
        0.046,
        0.15
      ],
      [
        0.09,
        0.215,
        0.07,
        0.07,
        0.0725,
        0.1275,
        0.385,
        0.255,
        0.1975,
        0.133333,
        0.1875,
        0.12,
        0.185,
        0.193333,
        0.093333,
        0.273333,
        0.1825,
        0.105,
        0.073333,
        0.1825,
        0.196667,
        0.166667,
        0.075,
        0.0,
        0.25,
        0.12,
        0.23
      ],
      [
        0.173333,
        0.05,
        0.0825,
        0.115,
        0.0775,
        0.2,
        0.22,
        0.236667,
        0.1325,
        0.08,
        0.1375,
        0.09,
        0.215,
        0.0475,
        0.14,
        0.1475,
        0.1175,
        0.106667,
        0.09,
        0.13,
        0.11,
        0.0525,
        0.09,
        0.25,
        0.0,
        0.0975,
        0.17
      ],
      [
        0.12,
        0.093333,
        0.096,
        0.07,
        0.06,
        0.182,
        0.2075,
        0.195,
        0.124,
        0.018,
        0.168,
        0.048,
        0.3825,
        0.084,
        0.062,
        0.176,
        0.112,
        0.025,
        0.078,
        0.16,
        0.096667,
        0.068,
        0.046,
        0.12,
        0.0975,
        0.0,
        0.17
      ],
      [
        0.336667,
        0.11,
        0.17,
        0.208,
        0.173333,
        0.2,
        0.1,
        0.1225,
        0.07,
        0.18,
        0.115,
        0.174,
        0.19,
        0.102,
        0.192,
        0.058,
        0.105,
        0.188,
        0.216,
        0.18,
        0.145,
        0.134,
        0.15,
        0.23,
        0.17,
        0.17,
        0.0
      ]
    ],
    "pair_count_matrix": [
      [
        0,
        2,
        3,
        3,
        3,
        3,
        3,
        2,
        3,
        3,
        3,
        3,
        1,
        3,
        3,
        3,
        3,
        2,
        3,
        3,
        2,
        3,
        3,
        2,
        3,
        3,
        3
      ],
      [
        2,
        0,
        3,
        3,
        3,
        3,
        2,
        3,
        3,
        3,
        3,
        3,
        2,
        3,
        3,
        3,
        3,
        2,
        3,
        3,
        1,
        3,
        3,
        2,
        2,
        3,
        3
      ],
      [
        3,
        3,
        0,
        5,
        6,
        6,
        4,
        4,
        6,
        5,
        6,
        5,
        4,
        5,
        5,
        5,
        6,
        5,
        5,
        6,
        4,
        5,
        6,
        4,
        4,
        5,
        6
      ],
      [
        3,
        3,
        5,
        0,
        5,
        5,
        4,
        4,
        5,
        5,
        5,
        5,
        3,
        5,
        5,
        5,
        5,
        4,
        5,
        5,
        3,
        5,
        5,
        3,
        4,
        5,
        5
      ],
      [
        3,
        3,
        6,
        5,
        0,
        6,
        5,
        4,
        6,
        5,
        6,
        5,
        4,
        5,
        5,
        5,
        6,
        5,
        5,
        6,
        5,
        5,
        6,
        4,
        4,
        5,
        6
      ],
      [
        3,
        3,
        6,
        5,
        6,
        0,
        4,
        4,
        6,
        5,
        6,
        5,
        4,
        5,
        5,
        5,
        6,
        5,
        5,
        6,
        4,
        5,
        6,
        4,
        4,
        5,
        6
      ],
      [
        3,
        2,
        4,
        4,
        5,
        4,
        0,
        3,
        4,
        4,
        4,
        4,
        2,
        4,
        4,
        4,
        4,
        3,
        4,
        4,
        4,
        4,
        4,
        2,
        4,
        4,
        4
      ],
      [
        2,
        3,
        4,
        4,
        4,
        4,
        3,
        0,
        4,
        4,
        4,
        4,
        3,
        4,
        4,
        4,
        4,
        3,
        4,
        4,
        2,
        4,
        4,
        2,
        3,
        4,
        4
      ],
      [
        3,
        3,
        6,
        5,
        6,
        6,
        4,
        4,
        0,
        5,
        6,
        5,
        4,
        5,
        5,
        5,
        6,
        5,
        5,
        6,
        4,
        5,
        6,
        4,
        4,
        5,
        6
      ],
      [
        3,
        3,
        5,
        5,
        5,
        5,
        4,
        4,
        5,
        0,
        5,
        5,
        3,
        5,
        5,
        5,
        5,
        4,
        5,
        5,
        3,
        5,
        5,
        3,
        4,
        5,
        5
      ],
      [
        3,
        3,
        6,
        5,
        6,
        6,
        4,
        4,
        6,
        5,
        0,
        5,
        4,
        5,
        5,
        5,
        6,
        5,
        5,
        6,
        4,
        5,
        6,
        4,
        4,
        5,
        6
      ],
      [
        3,
        3,
        5,
        5,
        5,
        5,
        4,
        4,
        5,
        5,
        5,
        0,
        3,
        5,
        5,
        5,
        5,
        4,
        5,
        5,
        3,
        5,
        5,
        3,
        4,
        5,
        5
      ],
      [
        1,
        2,
        4,
        3,
        4,
        4,
        2,
        3,
        4,
        3,
        4,
        3,
        0,
        3,
        3,
        3,
        4,
        3,
        3,
        4,
        2,
        3,
        4,
        2,
        2,
        4,
        4
      ],
      [
        3,
        3,
        5,
        5,
        5,
        5,
        4,
        4,
        5,
        5,
        5,
        5,
        3,
        0,
        5,
        5,
        5,
        4,
        5,
        5,
        3,
        5,
        5,
        3,
        4,
        5,
        5
      ],
      [
        3,
        3,
        5,
        5,
        5,
        5,
        4,
        4,
        5,
        5,
        5,
        5,
        3,
        5,
        0,
        5,
        5,
        4,
        5,
        5,
        3,
        5,
        5,
        3,
        4,
        5,
        5
      ],
      [
        3,
        3,
        5,
        5,
        5,
        5,
        4,
        4,
        5,
        5,
        5,
        5,
        3,
        5,
        5,
        0,
        5,
        4,
        5,
        6,
        3,
        5,
        5,
        3,
        4,
        5,
        5
      ],
      [
        3,
        3,
        6,
        5,
        6,
        6,
        4,
        4,
        6,
        5,
        6,
        5,
        4,
        5,
        5,
        5,
        0,
        5,
        5,
        6,
        4,
        5,
        6,
        4,
        4,
        5,
        6
      ],
      [
        2,
        2,
        5,
        4,
        5,
        5,
        3,
        3,
        5,
        4,
        5,
        4,
        3,
        4,
        4,
        4,
        5,
        0,
        4,
        5,
        4,
        4,
        5,
        4,
        3,
        4,
        5
      ],
      [
        3,
        3,
        5,
        5,
        5,
        5,
        4,
        4,
        5,
        5,
        5,
        5,
        3,
        5,
        5,
        5,
        5,
        4,
        0,
        5,
        3,
        5,
        5,
        3,
        4,
        5,
        5
      ],
      [
        3,
        3,
        6,
        5,
        6,
        6,
        4,
        4,
        6,
        5,
        6,
        5,
        4,
        5,
        5,
        6,
        6,
        5,
        5,
        0,
        4,
        5,
        6,
        4,
        4,
        5,
        6
      ],
      [
        2,
        1,
        4,
        3,
        5,
        4,
        4,
        2,
        4,
        3,
        4,
        3,
        2,
        3,
        3,
        3,
        4,
        4,
        3,
        4,
        0,
        3,
        4,
        3,
        3,
        3,
        4
      ],
      [
        3,
        3,
        5,
        5,
        5,
        5,
        4,
        4,
        5,
        5,
        5,
        5,
        3,
        5,
        5,
        5,
        5,
        4,
        5,
        5,
        3,
        0,
        5,
        3,
        4,
        5,
        5
      ],
      [
        3,
        3,
        6,
        5,
        6,
        6,
        4,
        4,
        6,
        5,
        6,
        5,
        4,
        5,
        5,
        5,
        6,
        5,
        5,
        6,
        4,
        5,
        0,
        4,
        4,
        5,
        6
      ],
      [
        2,
        2,
        4,
        3,
        4,
        4,
        2,
        2,
        4,
        3,
        4,
        3,
        2,
        3,
        3,
        3,
        4,
        4,
        3,
        4,
        3,
        3,
        4,
        0,
        2,
        3,
        4
      ],
      [
        3,
        2,
        4,
        4,
        4,
        4,
        4,
        3,
        4,
        4,
        4,
        4,
        2,
        4,
        4,
        4,
        4,
        3,
        4,
        4,
        3,
        4,
        4,
        2,
        0,
        4,
        4
      ],
      [
        3,
        3,
        5,
        5,
        5,
        5,
        4,
        4,
        5,
        5,
        5,
        5,
        4,
        5,
        5,
        5,
        5,
        4,
        5,
        5,
        3,
        5,
        5,
        3,
        4,
        0,
        5
      ],
      [
        3,
        3,
        6,
        5,
        6,
        6,
        4,
        4,
        6,
        5,
        6,
        5,
        4,
        5,
        5,
        5,
        6,
        5,
        5,
        6,
        4,
        5,
        6,
        4,
        4,
        5,
        0
      ]
    ],
    "pair_records": [
      {
        "country_a": "Austria",
        "country_b": "Belgium",
        "distance": 0.17,
        "pair_count": 2
      },
      {
        "country_a": "Austria",
        "country_b": "Bulgaria",
        "distance": 0.086667,
        "pair_count": 3
      },
      {
        "country_a": "Austria",
        "country_b": "Croatia",
        "distance": 0.053333,
        "pair_count": 3
      },
      {
        "country_a": "Austria",
        "country_b": "Cyprus",
        "distance": 0.07,
        "pair_count": 3
      },
      {
        "country_a": "Austria",
        "country_b": "Czechia",
        "distance": 0.226667,
        "pair_count": 3
      },
      {
        "country_a": "Austria",
        "country_b": "Denmark",
        "distance": 0.31,
        "pair_count": 3
      },
      {
        "country_a": "Austria",
        "country_b": "Estonia",
        "distance": 0.23,
        "pair_count": 2
      },
      {
        "country_a": "Austria",
        "country_b": "Finland",
        "distance": 0.283333,
        "pair_count": 3
      },
      {
        "country_a": "Austria",
        "country_b": "France",
        "distance": 0.126667,
        "pair_count": 3
      },
      {
        "country_a": "Austria",
        "country_b": "Germany",
        "distance": 0.213333,
        "pair_count": 3
      },
      {
        "country_a": "Austria",
        "country_b": "Greece",
        "distance": 0.093333,
        "pair_count": 3
      },
      {
        "country_a": "Austria",
        "country_b": "Hungary",
        "distance": 0.22,
        "pair_count": 1
      },
      {
        "country_a": "Austria",
        "country_b": "Ireland",
        "distance": 0.213333,
        "pair_count": 3
      },
      {
        "country_a": "Austria",
        "country_b": "Italy",
        "distance": 0.066667,
        "pair_count": 3
      },
      {
        "country_a": "Austria",
        "country_b": "Latvia",
        "distance": 0.266667,
        "pair_count": 3
      },
      {
        "country_a": "Austria",
        "country_b": "Lithuania",
        "distance": 0.213333,
        "pair_count": 3
      },
      {
        "country_a": "Austria",
        "country_b": "Luxembourg",
        "distance": 0.115,
        "pair_count": 2
      },
      {
        "country_a": "Austria",
        "country_b": "Malta",
        "distance": 0.056667,
        "pair_count": 3
      },
      {
        "country_a": "Austria",
        "country_b": "Netherlands",
        "distance": 0.153333,
        "pair_count": 3
      },
      {
        "country_a": "Austria",
        "country_b": "Poland",
        "distance": 0.25,
        "pair_count": 2
      },
      {
        "country_a": "Austria",
        "country_b": "Portugal",
        "distance": 0.166667,
        "pair_count": 3
      },
      {
        "country_a": "Austria",
        "country_b": "Romania",
        "distance": 0.116667,
        "pair_count": 3
      },
      {
        "country_a": "Austria",
        "country_b": "Slovakia",
        "distance": 0.09,
        "pair_count": 2
      },
      {
        "country_a": "Austria",
        "country_b": "Slovenia",
        "distance": 0.173333,
        "pair_count": 3
      },
      {
        "country_a": "Austria",
        "country_b": "Spain",
        "distance": 0.12,
        "pair_count": 3
      },
      {
        "country_a": "Austria",
        "country_b": "Sweden",
        "distance": 0.336667,
        "pair_count": 3
      },
      {
        "country_a": "Belgium",
        "country_b": "Bulgaria",
        "distance": 0.113333,
        "pair_count": 3
      },
      {
        "country_a": "Belgium",
        "country_b": "Croatia",
        "distance": 0.103333,
        "pair_count": 3
      },
      {
        "country_a": "Belgium",
        "country_b": "Cyprus",
        "distance": 0.06,
        "pair_count": 3
      },
      {
        "country_a": "Belgium",
        "country_b": "Czechia",
        "distance": 0.133333,
        "pair_count": 3
      },
      {
        "country_a": "Belgium",
        "country_b": "Denmark",
        "distance": 0.185,
        "pair_count": 2
      },
      {
        "country_a": "Belgium",
        "country_b": "Estonia",
        "distance": 0.046667,
        "pair_count": 3
      },
      {
        "country_a": "Belgium",
        "country_b": "Finland",
        "distance": 0.11,
        "pair_count": 3
      },
      {
        "country_a": "Belgium",
        "country_b": "France",
        "distance": 0.093333,
        "pair_count": 3
      },
      {
        "country_a": "Belgium",
        "country_b": "Germany",
        "distance": 0.04,
        "pair_count": 3
      },
      {
        "country_a": "Belgium",
        "country_b": "Greece",
        "distance": 0.08,
        "pair_count": 3
      },
      {
        "country_a": "Belgium",
        "country_b": "Hungary",
        "distance": 0.22,
        "pair_count": 2
      },
      {
        "country_a": "Belgium",
        "country_b": "Ireland",
        "distance": 0.04,
        "pair_count": 3
      },
      {
        "country_a": "Belgium",
        "country_b": "Italy",
        "distance": 0.1,
        "pair_count": 3
      },
      {
        "country_a": "Belgium",
        "country_b": "Latvia",
        "distance": 0.066667,
        "pair_count": 3
      },
      {
        "country_a": "Belgium",
        "country_b": "Lithuania",
        "distance": 0.073333,
        "pair_count": 3
      },
      {
        "country_a": "Belgium",
        "country_b": "Luxembourg",
        "distance": 0.085,
        "pair_count": 2
      },
      {
        "country_a": "Belgium",
        "country_b": "Malta",
        "distance": 0.096667,
        "pair_count": 3
      },
      {
        "country_a": "Belgium",
        "country_b": "Netherlands",
        "distance": 0.136667,
        "pair_count": 3
      },
      {
        "country_a": "Belgium",
        "country_b": "Poland",
        "distance": 0.05,
        "pair_count": 1
      },
      {
        "country_a": "Belgium",
        "country_b": "Portugal",
        "distance": 0.02,
        "pair_count": 3
      },
      {
        "country_a": "Belgium",
        "country_b": "Romania",
        "distance": 0.086667,
        "pair_count": 3
      },
      {
        "country_a": "Belgium",
        "country_b": "Slovakia",
        "distance": 0.215,
        "pair_count": 2
      },
      {
        "country_a": "Belgium",
        "country_b": "Slovenia",
        "distance": 0.05,
        "pair_count": 2
      },
      {
        "country_a": "Belgium",
        "country_b": "Spain",
        "distance": 0.093333,
        "pair_count": 3
      },
      {
        "country_a": "Belgium",
        "country_b": "Sweden",
        "distance": 0.11,
        "pair_count": 3
      },
      {
        "country_a": "Bulgaria",
        "country_b": "Croatia",
        "distance": 0.054,
        "pair_count": 5
      },
      {
        "country_a": "Bulgaria",
        "country_b": "Cyprus",
        "distance": 0.053333,
        "pair_count": 6
      },
      {
        "country_a": "Bulgaria",
        "country_b": "Czechia",
        "distance": 0.133333,
        "pair_count": 6
      },
      {
        "country_a": "Bulgaria",
        "country_b": "Denmark",
        "distance": 0.2675,
        "pair_count": 4
      },
      {
        "country_a": "Bulgaria",
        "country_b": "Estonia",
        "distance": 0.23,
        "pair_count": 4
      },
      {
        "country_a": "Bulgaria",
        "country_b": "Finland",
        "distance": 0.12,
        "pair_count": 6
      },
      {
        "country_a": "Bulgaria",
        "country_b": "France",
        "distance": 0.094,
        "pair_count": 5
      },
      {
        "country_a": "Bulgaria",
        "country_b": "Germany",
        "distance": 0.145,
        "pair_count": 6
      },
      {
        "country_a": "Bulgaria",
        "country_b": "Greece",
        "distance": 0.06,
        "pair_count": 5
      },
      {
        "country_a": "Bulgaria",
        "country_b": "Hungary",
        "distance": 0.1825,
        "pair_count": 4
      },
      {
        "country_a": "Bulgaria",
        "country_b": "Ireland",
        "distance": 0.1,
        "pair_count": 5
      },
      {
        "country_a": "Bulgaria",
        "country_b": "Italy",
        "distance": 0.094,
        "pair_count": 5
      },
      {
        "country_a": "Bulgaria",
        "country_b": "Latvia",
        "distance": 0.168,
        "pair_count": 5
      },
      {
        "country_a": "Bulgaria",
        "country_b": "Lithuania",
        "distance": 0.115,
        "pair_count": 6
      },
      {
        "country_a": "Bulgaria",
        "country_b": "Luxembourg",
        "distance": 0.072,
        "pair_count": 5
      },
      {
        "country_a": "Bulgaria",
        "country_b": "Malta",
        "distance": 0.026,
        "pair_count": 5
      },
      {
        "country_a": "Bulgaria",
        "country_b": "Netherlands",
        "distance": 0.16,
        "pair_count": 6
      },
      {
        "country_a": "Bulgaria",
        "country_b": "Poland",
        "distance": 0.105,
        "pair_count": 4
      },
      {
        "country_a": "Bulgaria",
        "country_b": "Portugal",
        "distance": 0.076,
        "pair_count": 5
      },
      {
        "country_a": "Bulgaria",
        "country_b": "Romania",
        "distance": 0.066667,
        "pair_count": 6
      },
      {
        "country_a": "Bulgaria",
        "country_b": "Slovakia",
        "distance": 0.07,
        "pair_count": 4
      },
      {
        "country_a": "Bulgaria",
        "country_b": "Slovenia",
        "distance": 0.0825,
        "pair_count": 4
      },
      {
        "country_a": "Bulgaria",
        "country_b": "Spain",
        "distance": 0.096,
        "pair_count": 5
      },
      {
        "country_a": "Bulgaria",
        "country_b": "Sweden",
        "distance": 0.17,
        "pair_count": 6
      },
      {
        "country_a": "Croatia",
        "country_b": "Cyprus",
        "distance": 0.038,
        "pair_count": 5
      },
      {
        "country_a": "Croatia",
        "country_b": "Czechia",
        "distance": 0.156,
        "pair_count": 5
      },
      {
        "country_a": "Croatia",
        "country_b": "Denmark",
        "distance": 0.275,
        "pair_count": 4
      },
      {
        "country_a": "Croatia",
        "country_b": "Estonia",
        "distance": 0.21,
        "pair_count": 4
      },
      {
        "country_a": "Croatia",
        "country_b": "Finland",
        "distance": 0.142,
        "pair_count": 5
      },
      {
        "country_a": "Croatia",
        "country_b": "France",
        "distance": 0.068,
        "pair_count": 5
      },
      {
        "country_a": "Croatia",
        "country_b": "Germany",
        "distance": 0.194,
        "pair_count": 5
      },
      {
        "country_a": "Croatia",
        "country_b": "Greece",
        "distance": 0.086,
        "pair_count": 5
      },
      {
        "country_a": "Croatia",
        "country_b": "Hungary",
        "distance": 0.216667,
        "pair_count": 3
      },
      {
        "country_a": "Croatia",
        "country_b": "Ireland",
        "distance": 0.106,
        "pair_count": 5
      },
      {
        "country_a": "Croatia",
        "country_b": "Italy",
        "distance": 0.088,
        "pair_count": 5
      },
      {
        "country_a": "Croatia",
        "country_b": "Latvia",
        "distance": 0.202,
        "pair_count": 5
      },
      {
        "country_a": "Croatia",
        "country_b": "Lithuania",
        "distance": 0.114,
        "pair_count": 5
      },
      {
        "country_a": "Croatia",
        "country_b": "Luxembourg",
        "distance": 0.055,
        "pair_count": 4
      },
      {
        "country_a": "Croatia",
        "country_b": "Malta",
        "distance": 0.044,
        "pair_count": 5
      },
      {
        "country_a": "Croatia",
        "country_b": "Netherlands",
        "distance": 0.21,
        "pair_count": 5
      },
      {
        "country_a": "Croatia",
        "country_b": "Poland",
        "distance": 0.15,
        "pair_count": 3
      },
      {
        "country_a": "Croatia",
        "country_b": "Portugal",
        "distance": 0.094,
        "pair_count": 5
      },
      {
        "country_a": "Croatia",
        "country_b": "Romania",
        "distance": 0.044,
        "pair_count": 5
      },
      {
        "country_a": "Croatia",
        "country_b": "Slovakia",
        "distance": 0.07,
        "pair_count": 3
      },
      {
        "country_a": "Croatia",
        "country_b": "Slovenia",
        "distance": 0.115,
        "pair_count": 4
      },
      {
        "country_a": "Croatia",
        "country_b": "Spain",
        "distance": 0.07,
        "pair_count": 5
      },
      {
        "country_a": "Croatia",
        "country_b": "Sweden",
        "distance": 0.208,
        "pair_count": 5
      },
      {
        "country_a": "Cyprus",
        "country_b": "Czechia",
        "distance": 0.11,
        "pair_count": 6
      },
      {
        "country_a": "Cyprus",
        "country_b": "Denmark",
        "distance": 0.214,
        "pair_count": 5
      },
      {
        "country_a": "Cyprus",
        "country_b": "Estonia",
        "distance": 0.2025,
        "pair_count": 4
      },
      {
        "country_a": "Cyprus",
        "country_b": "Finland",
        "distance": 0.126667,
        "pair_count": 6
      },
      {
        "country_a": "Cyprus",
        "country_b": "France",
        "distance": 0.058,
        "pair_count": 5
      },
      {
        "country_a": "Cyprus",
        "country_b": "Germany",
        "distance": 0.158333,
        "pair_count": 6
      },
      {
        "country_a": "Cyprus",
        "country_b": "Greece",
        "distance": 0.056,
        "pair_count": 5
      },
      {
        "country_a": "Cyprus",
        "country_b": "Hungary",
        "distance": 0.19,
        "pair_count": 4
      },
      {
        "country_a": "Cyprus",
        "country_b": "Ireland",
        "distance": 0.104,
        "pair_count": 5
      },
      {
        "country_a": "Cyprus",
        "country_b": "Italy",
        "distance": 0.082,
        "pair_count": 5
      },
      {
        "country_a": "Cyprus",
        "country_b": "Latvia",
        "distance": 0.18,
        "pair_count": 5
      },
      {
        "country_a": "Cyprus",
        "country_b": "Lithuania",
        "distance": 0.101667,
        "pair_count": 6
      },
      {
        "country_a": "Cyprus",
        "country_b": "Luxembourg",
        "distance": 0.052,
        "pair_count": 5
      },
      {
        "country_a": "Cyprus",
        "country_b": "Malta",
        "distance": 0.038,
        "pair_count": 5
      },
      {
        "country_a": "Cyprus",
        "country_b": "Netherlands",
        "distance": 0.153333,
        "pair_count": 6
      },
      {
        "country_a": "Cyprus",
        "country_b": "Poland",
        "distance": 0.088,
        "pair_count": 5
      },
      {
        "country_a": "Cyprus",
        "country_b": "Portugal",
        "distance": 0.072,
        "pair_count": 5
      },
      {
        "country_a": "Cyprus",
        "country_b": "Romania",
        "distance": 0.033333,
        "pair_count": 6
      },
      {
        "country_a": "Cyprus",
        "country_b": "Slovakia",
        "distance": 0.0725,
        "pair_count": 4
      },
      {
        "country_a": "Cyprus",
        "country_b": "Slovenia",
        "distance": 0.0775,
        "pair_count": 4
      },
      {
        "country_a": "Cyprus",
        "country_b": "Spain",
        "distance": 0.06,
        "pair_count": 5
      },
      {
        "country_a": "Cyprus",
        "country_b": "Sweden",
        "distance": 0.173333,
        "pair_count": 6
      },
      {
        "country_a": "Czechia",
        "country_b": "Denmark",
        "distance": 0.315,
        "pair_count": 4
      },
      {
        "country_a": "Czechia",
        "country_b": "Estonia",
        "distance": 0.2425,
        "pair_count": 4
      },
      {
        "country_a": "Czechia",
        "country_b": "Finland",
        "distance": 0.153333,
        "pair_count": 6
      },
      {
        "country_a": "Czechia",
        "country_b": "France",
        "distance": 0.172,
        "pair_count": 5
      },
      {
        "country_a": "Czechia",
        "country_b": "Germany",
        "distance": 0.218333,
        "pair_count": 6
      },
      {
        "country_a": "Czechia",
        "country_b": "Greece",
        "distance": 0.174,
        "pair_count": 5
      },
      {
        "country_a": "Czechia",
        "country_b": "Hungary",
        "distance": 0.1725,
        "pair_count": 4
      },
      {
        "country_a": "Czechia",
        "country_b": "Ireland",
        "distance": 0.178,
        "pair_count": 5
      },
      {
        "country_a": "Czechia",
        "country_b": "Italy",
        "distance": 0.212,
        "pair_count": 5
      },
      {
        "country_a": "Czechia",
        "country_b": "Latvia",
        "distance": 0.206,
        "pair_count": 5
      },
      {
        "country_a": "Czechia",
        "country_b": "Lithuania",
        "distance": 0.128333,
        "pair_count": 6
      },
      {
        "country_a": "Czechia",
        "country_b": "Luxembourg",
        "distance": 0.116,
        "pair_count": 5
      },
      {
        "country_a": "Czechia",
        "country_b": "Malta",
        "distance": 0.152,
        "pair_count": 5
      },
      {
        "country_a": "Czechia",
        "country_b": "Netherlands",
        "distance": 0.263333,
        "pair_count": 6
      },
      {
        "country_a": "Czechia",
        "country_b": "Poland",
        "distance": 0.075,
        "pair_count": 4
      },
      {
        "country_a": "Czechia",
        "country_b": "Portugal",
        "distance": 0.154,
        "pair_count": 5
      },
      {
        "country_a": "Czechia",
        "country_b": "Romania",
        "distance": 0.123333,
        "pair_count": 6
      },
      {
        "country_a": "Czechia",
        "country_b": "Slovakia",
        "distance": 0.1275,
        "pair_count": 4
      },
      {
        "country_a": "Czechia",
        "country_b": "Slovenia",
        "distance": 0.2,
        "pair_count": 4
      },
      {
        "country_a": "Czechia",
        "country_b": "Spain",
        "distance": 0.182,
        "pair_count": 5
      },
      {
        "country_a": "Czechia",
        "country_b": "Sweden",
        "distance": 0.2,
        "pair_count": 6
      },
      {
        "country_a": "Denmark",
        "country_b": "Estonia",
        "distance": 0.13,
        "pair_count": 3
      },
      {
        "country_a": "Denmark",
        "country_b": "Finland",
        "distance": 0.0975,
        "pair_count": 4
      },
      {
        "country_a": "Denmark",
        "country_b": "France",
        "distance": 0.215,
        "pair_count": 4
