{
  "generated_at": "2025-11-15T16:37:49.291405+00:00",
  "parameters": {
    "outputs_dir": "outputs_combined",
    "min_pair_count": 3
  },
  "label": "Transport, Telecommunications and Energy Council",
  "category": "council",
  "min_pair_threshold": 3,
  "data": {
    "countries": [
      "Austria",
      "Belgium",
      "Bulgaria",
      "Croatia",
      "Cyprus",
      "Czechia",
      "Denmark",
      "Estonia",
      "Finland",
      "France",
      "Germany",
      "Greece",
      "Hungary",
      "Ireland",
      "Italy",
      "Latvia",
      "Lithuania",
      "Luxembourg",
      "Malta",
      "Netherlands",
      "Poland",
      "Portugal",
      "Romania",
      "Slovakia",
      "Slovenia",
      "Spain",
      "Sweden"
    ],
    "distance_matrix": [
      [
        0.0,
        0.117778,
        0.118182,
        0.140833,
        0.106364,
        0.081818,
        0.1525,
        0.108333,
        0.224615,
        0.1675,
        0.088462,
        0.083077,
        0.085,
        0.1025,
        0.196923,
        0.105385,
        0.100833,
        0.106364,
        0.109,
        0.093846,
        0.154444,
        0.075833,
        0.130833,
        0.163571,
        0.178333,
        0.088333,
        0.19
      ],
      [
        0.117778,
        0.0,
        0.185556,
        0.147273,
        0.13,
        0.137778,
        0.081818,
        0.065,
        0.102,
        0.096,
        0.130769,
        0.075,
        0.12,
        0.047,
        0.199091,
        0.081,
        0.065,
        0.153636,
        0.125714,
        0.078333,
        0.1575,
        0.0675,
        0.185,
        0.15,
        0.07125,
        0.089,
        0.16
      ],
      [
        0.118182,
        0.185556,
        0.0,
        0.081429,
        0.086429,
        0.079091,
        0.177857,
        0.098333,
        0.132308,
        0.097692,
        0.114615,
        0.095,
        0.116667,
        0.138462,
        0.104,
        0.085833,
        0.081667,
        0.15,
        0.106667,
        0.153571,
        0.046364,
        0.096154,
        0.056429,
        0.066154,
        0.09,
        0.145833,
        0.213846
      ],
      [
        0.140833,
        0.147273,
        0.081429,
        0.0,
        0.05,
        0.044545,
        0.143333,
        0.066364,
        0.1,
        0.095714,
        0.1525,
        0.058462,
        0.07,
        0.119286,
        0.102353,
        0.054615,
        0.076364,
        0.1275,
        0.066364,
        0.138125,
        0.067143,
        0.109286,
        0.080667,
        0.079286,
        0.053333,
        0.137333,
        0.211429
      ],
      [
        0.106364,
        0.13,
        0.086429,
        0.05,
        0.0,
        0.062308,
        0.149286,
        0.065455,
        0.089167,
        0.100833,
        0.102857,
        0.055,
        0.06,
        0.089231,
        0.069333,
        0.054545,
        0.064545,
        0.172222,
        0.067692,
        0.135714,
        0.072143,
        0.056667,
        0.085714,
        0.059286,
        0.080909,
        0.076667,
        0.19
      ],
      [
        0.081818,
        0.137778,
        0.079091,
        0.044545,
        0.062308,
        0.0,
        0.140769,
        0.052727,
        0.109167,
        0.108333,
        0.090714,
        0.065385,
        0.076667,
        0.13,
        0.073333,
        0.044167,
        0.046364,
        0.1,
        0.073333,
        0.125385,
        0.053333,
        0.044,
        0.099167,
        0.064615,
        0.086364,
        0.080909,
        0.199091
      ],
      [
        0.1525,
        0.081818,
        0.177857,
        0.143333,
        0.149286,
        0.140769,
        0.0,
        0.059167,
        0.076154,
        0.124286,
        0.115625,
        0.128571,
        0.15,
        0.060769,
        0.193125,
        0.066154,
        0.085833,
        0.134167,
        0.134545,
        0.067647,
        0.131538,
        0.1025,
        0.19,
        0.160833,
        0.135,
        0.121333,
        0.179286
      ],
      [
        0.108333,
        0.065,
        0.098333,
        0.066364,
        0.065455,
        0.052727,
        0.059167,
        0.0,
        0.081538,
        0.13,
        0.099286,
        0.107143,
        0.126667,
        0.056364,
        0.100769,
        0.036154,
        0.039231,
        0.126,
        0.063333,
        0.055,
        0.04,
        0.064167,
        0.101667,
        0.106923,
        0.1725,
        0.084545,
        0.134545
      ],
      [
        0.224615,
        0.102,
        0.132308,
        0.1,
        0.089167,
        0.109167,
        0.076154,
        0.081538,
        0.0,
        0.145,
        0.173125,
        0.115,
        0.106667,
        0.0725,
        0.094,
        0.097857,
        0.094167,
        0.132727,
        0.110833,
        0.089286,
        0.069091,
        0.13,
        0.14,
        0.085333,
        0.128462,
        0.163077,
        0.159231
      ],
      [
        0.1675,
        0.096,
        0.097692,
        0.095714,
        0.100833,
        0.108333,
        0.124286,
        0.13,
        0.145,
        0.0,
        0.173889,
        0.086429,
        0.083333,
        0.088462,
        0.14125,
        0.096667,
        0.064167,
        0.16,
        0.149091,
        0.12,
        0.124545,
        0.1425,
        0.117333,
        0.11,
        0.092857,
        0.168667,
        0.185714
      ],
      [
        0.088462,
        0.130769,
        0.114615,
        0.1525,
        0.102857,
        0.090714,
        0.115625,
        0.099286,
        0.173125,
        0.173889,
        0.0,
        0.101875,
        0.13,
        0.11,
        0.197059,
        0.086429,
        0.0725,
        0.145714,
        0.116364,
        0.092105,
        0.139286,
        0.088333,
        0.157333,
        0.165625,
        0.191429,
        0.093333,
        0.167857
      ],
      [
        0.083077,
        0.075,
        0.095,
        0.058462,
        0.055,
        0.065385,
        0.128571,
        0.107143,
        0.115,
        0.086429,
        0.101875,
        0.0,
        0.0975,
        0.050714,
        0.090667,
        0.07,
        0.074615,
        0.13,
        0.117143,
        0.093571,
        0.074167,
        0.032857,
        0.062,
        0.064375,
        0.083846,
        0.056923,
        0.226667
      ],
      [
        0.085,
        0.12,
        0.116667,
        0.07,
        0.06,
        0.076667,
        0.15,
        0.126667,
        0.106667,
        0.083333,
        0.13,
        0.0975,
        0.0,
        0.1025,
        0.083333,
        0.106667,
        0.106667,
        0.083333,
        0.11,
        0.13,
        0.115,
        0.076667,
        0.115,
        0.03,
        0.0525,
        0.133333,
        0.27
      ],
      [
        0.1025,
        0.047,
        0.138462,
        0.119286,
        0.089231,
        0.13,
        0.060769,
        0.056364,
        0.0725,
        0.088462,
        0.11,
        0.050714,
        0.1025,
        0.0,
        0.175714,
        0.07,
        0.054,
        0.153636,
        0.107,
        0.044615,
        0.142727,
        0.0525,
        0.120769,
        0.127692,
        0.075455,
        0.075,
        0.160909
      ],
      [
        0.196923,
        0.199091,
        0.104,
        0.102353,
        0.069333,
        0.073333,
        0.193125,
        0.100769,
        0.094,
        0.14125,
        0.197059,
        0.090667,
        0.083333,
        0.175714,
        0.0,
        0.121429,
        0.0825,
        0.145833,
        0.095714,
        0.196875,
        0.086,
        0.088571,
        0.135333,
        0.115333,
        0.127143,
        0.134,
        0.241429
      ],
      [
        0.105385,
        0.081,
        0.085833,
        0.054615,
        0.054545,
        0.044167,
        0.066154,
        0.036154,
        0.097857,
        0.096667,
        0.086429,
        0.07,
        0.106667,
        0.07,
        0.121429,
        0.0,
        0.036923,
        0.12,
        0.060909,
        0.068462,
        0.069,
        0.058333,
        0.074167,
        0.074615,
        0.107273,
        0.106667,
        0.130909
      ],
      [
        0.100833,
        0.065,
        0.081667,
        0.076364,
        0.064545,
        0.046364,
        0.085833,
        0.039231,
        0.094167,
        0.064167,
        0.0725,
        0.074615,
        0.106667,
        0.054,
        0.0825,
        0.036923,
        0.0,
        0.128,
        0.089091,
        0.075385,
        0.055,
        0.068333,
        0.085833,
        0.060833,
        0.087,
        0.097273,
        0.203636
      ],
      [
        0.106364,
        0.153636,
        0.15,
        0.1275,
        0.172222,
        0.1,
        0.134167,
        0.126,
        0.132727,
        0.16,
        0.145714,
        0.13,
        0.083333,
        0.153636,
        0.145833,
        0.12,
        0.128,
        0.0,
        0.12375,
        0.113846,
        0.068889,
        0.112,
        0.117778,
        0.13,
        0.126,
        0.115,
        0.202
      ],
      [
        0.109,
        0.125714,
        0.106667,
        0.066364,
        0.067692,
        0.073333,
        0.134545,
        0.063333,
        0.110833,
        0.149091,
        0.116364,
        0.117143,
        0.11,
        0.107,
        0.095714,
        0.060909,
        0.089091,
        0.12375,
        0.0,
        0.130909,
        0.065556,
        0.085833,
        0.08,
        0.1075,
        0.192,
        0.136,
        0.12
      ],
      [
        0.093846,
        0.078333,
        0.153571,
        0.138125,
        0.135714,
        0.125385,
        0.067647,
        0.055,
        0.089286,
        0.12,
        0.092105,
        0.093571,
        0.13,
        0.044615,
        0.196875,
        0.068462,
        0.075385,
        0.113846,
        0.130909,
        0.0,
        0.132308,
        0.089167,
        0.152143,
        0.14,
        0.115833,
        0.098,
        0.149333
      ],
      [
        0.154444,
        0.1575,
        0.046364,
        0.067143,
        0.072143,
        0.053333,
        0.131538,
        0.04,
        0.069091,
        0.124545,
        0.139286,
        0.074167,
        0.115,
        0.142727,
        0.086,
        0.069,
        0.055,
        0.068889,
        0.065556,
        0.132308,
        0.0,
        0.140909,
        0.088462,
        0.067273,
        0.056,
        0.133846,
        0.214
      ],
      [
        0.075833,
        0.0675,
        0.096154,
        0.109286,
        0.056667,
        0.044,
        0.1025,
        0.064167,
        0.13,
        0.1425,
        0.088333,
        0.032857,
        0.076667,
        0.0525,
        0.088571,
        0.058333,
        0.068333,
        0.112,
        0.085833,
        0.089167,
        0.140909,
        0.0,
        0.145,
        0.130769,
        0.115455,
        0.048462,
        0.220909
      ],
      [
        0.130833,
        0.185,
        0.056429,
        0.080667,
        0.085714,
        0.099167,
        0.19,
        0.101667,
        0.14,
        0.117333,
        0.157333,
        0.062,
        0.115,
        0.120769,
        0.135333,
        0.074167,
        0.085833,
        0.117778,
        0.08,
        0.152143,
        0.088462,
        0.145,
        0.0,
        0.080667,
        0.102727,
        0.179231,
        0.205385
      ],
      [
        0.163571,
        0.15,
        0.066154,
        0.079286,
        0.059286,
        0.064615,
        0.160833,
        0.106923,
        0.085333,
        0.11,
        0.165625,
        0.064375,
        0.03,
        0.127692,
        0.115333,
        0.074615,
        0.060833,
        0.13,
        0.1075,
        0.14,
        0.067273,
        0.130769,
        0.080667,
        0.0,
        0.098462,
        0.177273,
        0.214167
      ],
      [
        0.178333,
        0.07125,
        0.09,
        0.053333,
        0.080909,
        0.086364,
        0.135,
        0.1725,
        0.128462,
        0.092857,
        0.191429,
        0.083846,
        0.0525,
        0.075455,
        0.127143,
        0.107273,
        0.087,
        0.126,
        0.192,
        0.115833,
        0.056,
        0.115455,
        0.102727,
        0.098462,
        0.0,
        0.150833,
        0.198182
      ],
      [
        0.088333,
        0.089,
        0.145833,
        0.137333,
        0.076667,
        0.080909,
        0.121333,
        0.084545,
        0.163077,
        0.168667,
        0.093333,
        0.056923,
        0.133333,
        0.075,
        0.134,
        0.106667,
        0.097273,
        0.115,
        0.136,
        0.098,
        0.133846,
        0.048462,
        0.179231,
        0.177273,
        0.150833,
        0.0,
        0.237692
      ],
      [
        0.19,
        0.16,
        0.213846,
        0.211429,
        0.19,
        0.199091,
        0.179286,
        0.134545,
        0.159231,
        0.185714,
        0.167857,
        0.226667,
        0.27,
        0.160909,
        0.241429,
        0.130909,
        0.203636,
        0.202,
        0.12,
        0.149333,
        0.214,
        0.220909,
        0.205385,
        0.214167,
        0.198182,
        0.237692,
        0.0
      ]
    ],
    "pair_count_matrix": [
      [
        0,
        9,
        11,
        12,
        11,
        11,
        12,
        12,
        13,
        12,
        13,
        13,
        4,
        12,
        13,
        13,
        12,
        11,
        10,
        13,
        9,
        12,
        12,
        14,
        12,
        12,
        10
      ],
      [
        9,
        0,
        9,
        11,
        9,
        9,
        11,
        8,
        10,
        10,
        13,
        8,
        1,
        10,
        11,
        10,
        8,
        11,
        7,
        12,
        8,
        8,
        8,
        9,
        8,
        10,
        9
      ],
      [
        11,
        9,
        0,
        14,
        14,
        11,
        14,
        12,
        13,
        13,
        13,
        14,
        3,
        13,
        15,
        12,
        12,
        10,
        12,
        14,
        11,
        13,
        14,
        13,
        11,
        12,
        13
      ],
      [
        12,
        11,
        14,
        0,
        13,
        11,
        15,
        11,
        15,
        14,
        16,
        13,
        3,
        14,
        17,
        13,
        11,
        12,
        11,
        16,
        14,
        14,
        15,
        14,
        12,
        15,
        14
      ],
      [
        11,
        9,
        14,
        13,
        0,
        13,
        14,
        11,
        12,
        12,
        14,
        16,
        3,
        13,
        15,
        11,
        11,
        9,
        13,
        14,
        14,
        12,
        14,
        14,
        11,
        12,
        12
      ],
      [
        11,
        9,
        11,
        11,
        13,
        0,
        13,
        11,
        12,
        12,
        14,
        13,
        3,
        10,
        12,
        12,
        11,
        10,
        9,
        13,
        12,
        10,
        12,
        13,
        11,
        11,
        11
      ],
      [
        12,
        11,
        14,
        15,
        14,
        13,
        0,
        12,
        13,
        14,
        16,
        14,
        3,
        13,
        16,
        13,
        12,
        12,
        11,
        17,
        13,
        12,
        13,
        12,
        12,
        15,
        14
      ],
      [
        12,
        8,
        12,
        11,
        11,
        11,
        12,
        0,
        13,
        13,
        14,
        14,
        3,
        11,
        13,
        13,
        13,
        10,
        12,
        12,
        8,
        12,
        12,
        13,
        12,
        11,
        11
      ],
      [
        13,
        10,
        13,
        15,
        12,
        12,
        13,
        13,
        0,
        14,
        16,
        14,
        3,
        12,
        15,
        14,
        12,
        11,
        12,
        14,
        11,
        14,
        15,
        15,
        13,
        13,
        13
      ],
      [
        12,
        10,
        13,
        14,
        12,
        12,
        14,
        13,
        14,
        0,
        18,
        14,
        3,
        13,
        16,
        12,
        12,
        11,
        11,
        16,
        11,
        12,
        15,
        14,
        14,
        15,
        14
      ],
      [
        13,
        13,
        13,
        16,
        14,
        14,
        16,
        14,
        16,
        18,
        0,
        16,
        3,
        14,
        17,
        14,
        12,
        14,
        11,
        19,
        14,
        12,
        15,
        16,
        14,
        15,
        14
      ],
      [
        13,
        8,
        14,
        13,
        16,
        13,
        14,
        14,
        14,
        14,
        16,
        0,
        4,
        14,
        15,
        13,
        13,
        10,
        14,
        14,
        12,
        14,
        15,
        16,
        13,
        13,
        12
      ],
      [
        4,
        1,
        3,
        3,
        3,
        3,
        3,
        3,
        3,
        3,
        3,
        4,
        0,
        4,
        3,
        3,
        3,
        3,
        2,
        3,
        2,
        3,
        2,
        4,
        4,
        3,
        3
      ],
      [
        12,
        10,
        13,
        14,
        13,
        10,
        13,
        11,
        12,
        13,
        14,
        14,
        4,
        0,
        14,
        12,
        10,
        11,
        10,
        13,
        11,
        12,
        13,
        13,
        11,
        12,
        11
      ],
      [
        13,
        11,
        15,
        17,
        15,
        12,
        16,
        13,
        15,
        16,
        17,
        15,
        3,
        14,
        0,
        14,
        12,
        12,
        14,
        16,
        15,
        14,
        15,
        15,
        14,
        15,
        14
      ],
      [
        13,
        10,
        12,
        13,
        11,
        12,
        13,
        13,
        14,
        12,
        14,
        13,
        3,
        12,
        14,
        0,
        13,
        12,
        11,
        13,
        10,
        12,
        12,
        13,
        11,
        12,
        11
      ],
      [
        12,
        8,
        12,
        11,
        11,
        11,
        12,
        13,
        12,
        12,
        12,
        13,
        3,
        10,
        12,
        13,
        0,
        10,
        11,
        13,
        8,
        12,
        12,
        12,
        10,
        11,
        11
      ],
      [
        11,
        11,
        10,
        12,
        9,
        10,
        12,
        10,
        11,
        11,
        14,
        10,
        3,
        11,
        12,
        12,
        10,
        0,
        8,
        13,
        9,
        10,
        9,
        10,
        10,
        12,
        10
      ],
      [
        10,
        7,
        12,
        11,
        13,
        9,
        11,
        12,
        12,
        11,
        11,
        14,
        2,
        10,
        14,
        11,
        11,
        8,
        0,
        11,
        9,
        12,
        12,
        12,
        10,
        10,
        11
      ],
      [
        13,
        12,
        14,
        16,
        14,
        13,
        17,
        12,
        14,
        16,
        19,
        14,
        3,
        13,
        16,
        13,
        13,
        13,
        11,
        0,
        13,
        12,
        14,
        13,
        12,
        15,
        15
      ],
      [
        9,
        8,
        11,
        14,
        14,
        12,
        13,
        8,
        11,
        11,
        14,
        12,
        2,
        11,
        15,
        10,
        8,
        9,
        9,
        13,
        0,
        11,
        13,
        11,
        10,
        13,
        10
      ],
      [
        12,
        8,
        13,
        14,
        12,
        10,
        12,
        12,
        14,
        12,
        12,
        14,
        3,
        12,
        14,
        12,
        12,
        10,
        12,
        12,
        11,
        0,
        14,
        13,
        11,
        13,
        11
      ],
      [
        12,
        8,
        14,
        15,
        14,
        12,
        13,
        12,
        15,
        15,
        15,
        15,
        2,
        13,
        15,
        12,
        12,
        9,
        12,
        14,
        13,
        14,
        0,
        15,
        11,
        13,
        13
      ],
      [
        14,
        9,
        13,
        14,
        14,
        13,
        12,
        13,
        15,
        14,
        16,
        16,
        4,
        13,
        15,
        13,
        12,
        10,
        12,
        13,
        11,
        13,
        15,
        0,
        13,
        11,
        12
      ],
      [
        12,
        8,
        11,
        12,
        11,
        11,
        12,
        12,
        13,
        14,
        14,
        13,
        4,
        11,
        14,
        11,
        10,
        10,
        10,
        12,
        10,
        11,
        11,
        13,
        0,
        12,
        11
      ],
      [
        12,
        10,
        12,
        15,
        12,
        11,
        15,
        11,
        13,
        15,
        15,
        13,
        3,
        12,
        15,
        12,
        11,
        12,
        10,
        15,
        13,
        13,
        13,
        11,
        12,
        0,
        13
      ],
      [
        10,
        9,
        13,
        14,
        12,
        11,
        14,
        11,
        13,
        14,
        14,
        12,
        3,
        11,
        14,
        11,
        11,
        10,
        11,
        15,
        10,
        11,
        13,
        12,
        11,
        13,
        0
      ]
    ],
    "pair_records": [
      {
        "country_a": "Austria",
        "country_b": "Belgium",
        "distance": 0.117778,
        "pair_count": 9
      },
      {
        "country_a": "Austria",
        "country_b": "Bulgaria",
        "distance": 0.118182,
        "pair_count": 11
      },
      {
        "country_a": "Austria",
        "country_b": "Croatia",
        "distance": 0.140833,
        "pair_count": 12
      },
      {
        "country_a": "Austria",
        "country_b": "Cyprus",
        "distance": 0.106364,
        "pair_count": 11
      },
      {
        "country_a": "Austria",
        "country_b": "Czechia",
        "distance": 0.081818,
        "pair_count": 11
      },
      {
        "country_a": "Austria",
        "country_b": "Denmark",
        "distance": 0.1525,
        "pair_count": 12
      },
      {
        "country_a": "Austria",
        "country_b": "Estonia",
        "distance": 0.108333,
        "pair_count": 12
      },
      {
        "country_a": "Austria",
        "country_b": "Finland",
        "distance": 0.224615,
        "pair_count": 13
      },
      {
        "country_a": "Austria",
        "country_b": "France",
        "distance": 0.1675,
        "pair_count": 12
      },
      {
        "country_a": "Austria",
        "country_b": "Germany",
        "distance": 0.088462,
        "pair_count": 13
      },
      {
        "country_a": "Austria",
        "country_b": "Greece",
        "distance": 0.083077,
        "pair_count": 13
      },
      {
        "country_a": "Austria",
        "country_b": "Hungary",
        "distance": 0.085,
        "pair_count": 4
      },
      {
        "country_a": "Austria",
        "country_b": "Ireland",
        "distance": 0.1025,
        "pair_count": 12
      },
      {
        "country_a": "Austria",
        "country_b": "Italy",
        "distance": 0.196923,
        "pair_count": 13
      },
      {
        "country_a": "Austria",
        "country_b": "Latvia",
        "distance": 0.105385,
        "pair_count": 13
      },
      {
        "country_a": "Austria",
        "country_b": "Lithuania",
        "distance": 0.100833,
        "pair_count": 12
      },
      {
        "country_a": "Austria",
        "country_b": "Luxembourg",
        "distance": 0.106364,
        "pair_count": 11
      },
      {
        "country_a": "Austria",
        "country_b": "Malta",
        "distance": 0.109,
        "pair_count": 10
      },
      {
        "country_a": "Austria",
        "country_b": "Netherlands",
        "distance": 0.093846,
        "pair_count": 13
      },
      {
        "country_a": "Austria",
        "country_b": "Poland",
        "distance": 0.154444,
        "pair_count": 9
      },
      {
        "country_a": "Austria",
        "country_b": "Portugal",
        "distance": 0.075833,
        "pair_count": 12
      },
      {
        "country_a": "Austria",
        "country_b": "Romania",
        "distance": 0.130833,
        "pair_count": 12
      },
      {
        "country_a": "Austria",
        "country_b": "Slovakia",
        "distance": 0.163571,
        "pair_count": 14
      },
      {
        "country_a": "Austria",
        "country_b": "Slovenia",
        "distance": 0.178333,
        "pair_count": 12
      },
      {
        "country_a": "Austria",
        "country_b": "Spain",
        "distance": 0.088333,
        "pair_count": 12
      },
      {
        "country_a": "Austria",
        "country_b": "Sweden",
        "distance": 0.19,
        "pair_count": 10
      },
      {
        "country_a": "Belgium",
        "country_b": "Bulgaria",
        "distance": 0.185556,
        "pair_count": 9
      },
      {
        "country_a": "Belgium",
        "country_b": "Croatia",
        "distance": 0.147273,
        "pair_count": 11
      },
      {
        "country_a": "Belgium",
        "country_b": "Cyprus",
        "distance": 0.13,
        "pair_count": 9
      },
      {
        "country_a": "Belgium",
        "country_b": "Czechia",
        "distance": 0.137778,
        "pair_count": 9
      },
      {
        "country_a": "Belgium",
        "country_b": "Denmark",
        "distance": 0.081818,
        "pair_count": 11
      },
      {
        "country_a": "Belgium",
        "country_b": "Estonia",
        "distance": 0.065,
        "pair_count": 8
      },
      {
        "country_a": "Belgium",
        "country_b": "Finland",
        "distance": 0.102,
        "pair_count": 10
      },
      {
        "country_a": "Belgium",
        "country_b": "France",
        "distance": 0.096,
        "pair_count": 10
      },
      {
        "country_a": "Belgium",
        "country_b": "Germany",
        "distance": 0.130769,
        "pair_count": 13
      },
      {
        "country_a": "Belgium",
        "country_b": "Greece",
        "distance": 0.075,
        "pair_count": 8
      },
      {
        "country_a": "Belgium",
        "country_b": "Hungary",
        "distance": 0.12,
        "pair_count": 1
      },
      {
        "country_a": "Belgium",
        "country_b": "Ireland",
        "distance": 0.047,
        "pair_count": 10
      },
      {
        "country_a": "Belgium",
        "country_b": "Italy",
        "distance": 0.199091,
        "pair_count": 11
      },
      {
        "country_a": "Belgium",
        "country_b": "Latvia",
        "distance": 0.081,
        "pair_count": 10
      },
      {
        "country_a": "Belgium",
        "country_b": "Lithuania",
        "distance": 0.065,
        "pair_count": 8
      },
      {
        "country_a": "Belgium",
        "country_b": "Luxembourg",
        "distance": 0.153636,
        "pair_count": 11
      },
      {
        "country_a": "Belgium",
        "country_b": "Malta",
        "distance": 0.125714,
        "pair_count": 7
      },
      {
        "country_a": "Belgium",
        "country_b": "Netherlands",
        "distance": 0.078333,
        "pair_count": 12
      },
      {
        "country_a": "Belgium",
        "country_b": "Poland",
        "distance": 0.1575,
        "pair_count": 8
      },
      {
        "country_a": "Belgium",
        "country_b": "Portugal",
        "distance": 0.0675,
        "pair_count": 8
      },
      {
        "country_a": "Belgium",
        "country_b": "Romania",
        "distance": 0.185,
        "pair_count": 8
      },
      {
        "country_a": "Belgium",
        "country_b": "Slovakia",
        "distance": 0.15,
        "pair_count": 9
      },
      {
        "country_a": "Belgium",
        "country_b": "Slovenia",
        "distance": 0.07125,
        "pair_count": 8
      },
      {
        "country_a": "Belgium",
        "country_b": "Spain",
        "distance": 0.089,
        "pair_count": 10
      },
      {
        "country_a": "Belgium",
        "country_b": "Sweden",
        "distance": 0.16,
        "pair_count": 9
      },
      {
        "country_a": "Bulgaria",
        "country_b": "Croatia",
        "distance": 0.081429,
        "pair_count": 14
      },
      {
        "country_a": "Bulgaria",
        "country_b": "Cyprus",
        "distance": 0.086429,
        "pair_count": 14
      },
      {
        "country_a": "Bulgaria",
        "country_b": "Czechia",
        "distance": 0.079091,
        "pair_count": 11
      },
      {
        "country_a": "Bulgaria",
        "country_b": "Denmark",
        "distance": 0.177857,
        "pair_count": 14
      },
      {
        "country_a": "Bulgaria",
        "country_b": "Estonia",
        "distance": 0.098333,
        "pair_count": 12
      },
      {
        "country_a": "Bulgaria",
        "country_b": "Finland",
        "distance": 0.132308,
        "pair_count": 13
      },
      {
        "country_a": "Bulgaria",
        "country_b": "France",
        "distance": 0.097692,
        "pair_count": 13
      },
      {
        "country_a": "Bulgaria",
        "country_b": "Germany",
        "distance": 0.114615,
        "pair_count": 13
      },
      {
        "country_a": "Bulgaria",
        "country_b": "Greece",
        "distance": 0.095,
        "pair_count": 14
      },
      {
        "country_a": "Bulgaria",
        "country_b": "Hungary",
        "distance": 0.116667,
        "pair_count": 3
      },
      {
        "country_a": "Bulgaria",
        "country_b": "Ireland",
        "distance": 0.138462,
        "pair_count": 13
      },
      {
        "country_a": "Bulgaria",
        "country_b": "Italy",
        "distance": 0.104,
        "pair_count": 15
      },
      {
        "country_a": "Bulgaria",
        "country_b": "Latvia",
        "distance": 0.085833,
        "pair_count": 12
      },
      {
        "country_a": "Bulgaria",
        "country_b": "Lithuania",
        "distance": 0.081667,
        "pair_count": 12
      },
      {
        "country_a": "Bulgaria",
        "country_b": "Luxembourg",
        "distance": 0.15,
        "pair_count": 10
      },
      {
        "country_a": "Bulgaria",
        "country_b": "Malta",
        "distance": 0.106667,
        "pair_count": 12
      },
      {
        "country_a": "Bulgaria",
        "country_b": "Netherlands",
        "distance": 0.153571,
        "pair_count": 14
      },
      {
        "country_a": "Bulgaria",
        "country_b": "Poland",
        "distance": 0.046364,
        "pair_count": 11
      },
      {
        "country_a": "Bulgaria",
        "country_b": "Portugal",
        "distance": 0.096154,
        "pair_count": 13
      },
      {
        "country_a": "Bulgaria",
        "country_b": "Romania",
        "distance": 0.056429,
        "pair_count": 14
      },
      {
        "country_a": "Bulgaria",
        "country_b": "Slovakia",
        "distance": 0.066154,
        "pair_count": 13
      },
      {
        "country_a": "Bulgaria",
        "country_b": "Slovenia",
        "distance": 0.09,
        "pair_count": 11
      },
      {
        "country_a": "Bulgaria",
        "country_b": "Spain",
        "distance": 0.145833,
        "pair_count": 12
      },
      {
        "country_a": "Bulgaria",
        "country_b": "Sweden",
        "distance": 0.213846,
        "pair_count": 13
      },
      {
        "country_a": "Croatia",
        "country_b": "Cyprus",
        "distance": 0.05,
        "pair_count": 13
      },
      {
        "country_a": "Croatia",
        "country_b": "Czechia",
        "distance": 0.044545,
        "pair_count": 11
      },
      {
        "country_a": "Croatia",
        "country_b": "Denmark",
        "distance": 0.143333,
        "pair_count": 15
      },
      {
        "country_a": "Croatia",
        "country_b": "Estonia",
        "distance": 0.066364,
        "pair_count": 11
      },
      {
        "country_a": "Croatia",
        "country_b": "Finland",
        "distance": 0.1,
        "pair_count": 15
      },
      {
        "country_a": "Croatia",
        "country_b": "France",
        "distance": 0.095714,
        "pair_count": 14
      },
      {
        "country_a": "Croatia",
        "country_b": "Germany",
        "distance": 0.1525,
        "pair_count": 16
      },
      {
        "country_a": "Croatia",
        "country_b": "Greece",
        "distance": 0.058462,
        "pair_count": 13
      },
      {
        "country_a": "Croatia",
        "country_b": "Hungary",
        "distance": 0.07,
        "pair_count": 3
      },
      {
        "country_a": "Croatia",
        "country_b": "Ireland",
        "distance": 0.119286,
        "pair_count": 14
      },
      {
        "country_a": "Croatia",
        "country_b": "Italy",
        "distance": 0.102353,
        "pair_count": 17
      },
      {
        "country_a": "Croatia",
        "country_b": "Latvia",
        "distance": 0.054615,
        "pair_count": 13
      },
      {
        "country_a": "Croatia",
        "country_b": "Lithuania",
        "distance": 0.076364,
        "pair_count": 11
      },
      {
        "country_a": "Croatia",
        "country_b": "Luxembourg",
        "distance": 0.1275,
        "pair_count": 12
      },
      {
        "country_a": "Croatia",
        "country_b": "Malta",
        "distance": 0.066364,
        "pair_count": 11
      },
      {
        "country_a": "Croatia",
        "country_b": "Netherlands",
        "distance": 0.138125,
        "pair_count": 16
      },
      {
        "country_a": "Croatia",
        "country_b": "Poland",
        "distance": 0.067143,
        "pair_count": 14
      },
      {
        "country_a": "Croatia",
        "country_b": "Portugal",
        "distance": 0.109286,
        "pair_count": 14
      },
      {
        "country_a": "Croatia",
        "country_b": "Romania",
        "distance": 0.080667,
        "pair_count": 15
      },
      {
        "country_a": "Croatia",
        "country_b": "Slovakia",
        "distance": 0.079286,
        "pair_count": 14
      },
      {
        "country_a": "Croatia",
        "country_b": "Slovenia",
        "distance": 0.053333,
        "pair_count": 12
      },
      {
        "country_a": "Croatia",
        "country_b": "Spain",
        "distance": 0.137333,
        "pair_count": 15
      },
      {
        "country_a": "Croatia",
        "country_b": "Sweden",
        "distance": 0.211429,
        "pair_count": 14
      },
      {
        "country_a": "Cyprus",
        "country_b": "Czechia",
        "distance": 0.062308,
        "pair_count": 13
      },
      {
        "country_a": "Cyprus",
        "country_b": "Denmark",
        "distance": 0.149286,
        "pair_count": 14
      },
      {
        "country_a": "Cyprus",
        "country_b": "Estonia",
        "distance": 0.065455,
        "pair_count": 11
      },
      {
        "country_a": "Cyprus",
        "country_b": "Finland",
        "distance": 0.089167,
        "pair_count": 12
      },
      {
        "country_a": "Cyprus",
        "country_b": "France",
        "distance": 0.100833,
        "pair_count": 12
      },
      {
        "country_a": "Cyprus",
        "country_b": "Germany",
        "distance": 0.102857,
        "pair_count": 14
      },
      {
        "country_a": "Cyprus",
        "country_b": "Greece",
        "distance": 0.055,
        "pair_count": 16
      },
      {
        "country_a": "Cyprus",
        "country_b": "Hungary",
        "distance": 0.06,
        "pair_count": 3
      },
      {
        "country_a": "Cyprus",
        "country_b": "Ireland",
        "distance": 0.089231,
        "pair_count": 13
      },
      {
        "country_a": "Cyprus",
        "country_b": "Italy",
        "distance": 0.069333,
        "pair_count": 15
      },
      {
        "country_a": "Cyprus",
        "country_b": "Latvia",
        "distance": 0.054545,
        "pair_count": 11
      },
      {
        "country_a": "Cyprus",
        "country_b": "Lithuania",
        "distance": 0.064545,
        "pair_count": 11
      },
      {
        "country_a": "Cyprus",
        "country_b": "Luxembourg",
        "distance": 0.172222,
        "pair_count": 9
      },
      {
        "country_a": "Cyprus",
        "country_b": "Malta",
        "distance": 0.067692,
        "pair_count": 13
      },
      {
        "country_a": "Cyprus",
        "country_b": "Netherlands",
        "distance": 0.135714,
        "pair_count": 14
      },
      {
        "country_a": "Cyprus",
        "country_b": "Poland",
        "distance": 0.072143,
        "pair_count": 14
      },
      {
        "country_a": "Cyprus",
        "country_b": "Portugal",
        "distance": 0.056667,
        "pair_count": 12
      },
      {
        "country_a": "Cyprus",
        "country_b": "Romania",
        "distance": 0.085714,
        "pair_count": 14
      },
      {
        "country_a": "Cyprus",
        "country_b": "Slovakia",
        "distance": 0.059286,
        "pair_count": 14
      },
      {
        "country_a": "Cyprus",
        "country_b": "Slovenia",
        "distance": 0.080909,
        "pair_count": 11
      },
      {
        "country_a": "Cyprus",
        "country_b": "Spain",
        "distance": 0.076667,
        "pair_count": 12
      },
      {
        "country_a": "Cyprus",
        "country_b": "Sweden",
        "distance": 0.19,
        "pair_count": 12
      },
      {
        "country_a": "Czechia",
        "country_b": "Denmark",
        "distance": 0.140769,
        "pair_count": 13
      },
      {
        "country_a": "Czechia",
        "country_b": "Estonia",
        "distance": 0.052727,
        "pair_count": 11
      },
      {
        "country_a": "Czechia",
        "country_b": "Finland",
        "distance": 0.109167,
        "pair_count": 12
      },
      {
        "country_a": "Czechia",
        "country_b": "France",
        "distance": 0.108333,
        "pair_count": 12
      },
      {
        "country_a": "Czechia",
        "country_b": "Germany",
        "distance": 0.090714,
        "pair_count": 14
      },
      {
        "country_a": "Czechia",
        "country_b": "Greece",
        "distance": 0.065385,
        "pair_count": 13
      },
      {
        "country_a": "Czechia",
        "country_b": "Hungary",
        "distance": 0.076667,
        "pair_count": 3
      },
      {
        "country_a": "Czechia",
        "country_b": "Ireland",
        "distance": 0.13,
        "pair_count": 10
      },
      {
        "country_a": "Czechia",
