{
  "generated_at": "2025-11-15T16:37:49.291405+00:00",
  "parameters": {
    "outputs_dir": "outputs_combined",
    "min_pair_count": 3
  },
  "label": "Uncategorized",
  "category": "council",
  "min_pair_threshold": 3,
  "data": {
    "countries": [
      "Austria",
      "Belgium",
      "Bulgaria",
      "Croatia",
      "Cyprus",
      "Czechia",
      "Denmark",
      "Estonia",
      "Finland",
      "France",
      "Germany",
      "Greece",
      "Hungary",
      "Ireland",
      "Italy",
      "Latvia",
      "Lithuania",
      "Luxembourg",
      "Malta",
      "Netherlands",
      "Poland",
      "Portugal",
      "Romania",
      "Slovakia",
      "Slovenia",
      "Spain",
      "Sweden"
    ],
    "distance_matrix": [
      [
        0.0,
        0.166875,
        0.186719,
        0.178,
        0.165,
        0.196508,
        0.253077,
        0.181111,
        0.188197,
        0.206712,
        0.167917,
        0.182581,
        0.248209,
        0.18322,
        0.195867,
        0.168387,
        0.166066,
        0.147258,
        0.1775,
        0.159683,
        0.198857,
        0.183433,
        0.212258,
        0.214462,
        0.144237,
        0.233056,
        0.235902
      ],
      [
        0.166875,
        0.0,
        0.175,
        0.147463,
        0.134483,
        0.180517,
        0.1412,
        0.189687,
        0.14371,
        0.166053,
        0.203429,
        0.150154,
        0.229677,
        0.143871,
        0.17726,
        0.165333,
        0.163871,
        0.136508,
        0.148077,
        0.132239,
        0.150833,
        0.165373,
        0.145738,
        0.159524,
        0.179355,
        0.175417,
        0.204754
      ],
      [
        0.186719,
        0.175,
        0.0,
        0.115714,
        0.136727,
        0.148548,
        0.1908,
        0.221324,
        0.208889,
        0.193151,
        0.233521,
        0.128769,
        0.200274,
        0.178852,
        0.1368,
        0.149677,
        0.172903,
        0.146271,
        0.12875,
        0.204687,
        0.136765,
        0.148,
        0.131791,
        0.142059,
        0.191935,
        0.228082,
        0.239687
      ],
      [
        0.178,
        0.147463,
        0.115714,
        0.0,
        0.084407,
        0.152542,
        0.093448,
        0.129697,
        0.138676,
        0.151039,
        0.197733,
        0.096143,
        0.230476,
        0.130645,
        0.133846,
        0.102985,
        0.100484,
        0.1125,
        0.101455,
        0.166143,
        0.195588,
        0.101429,
        0.126061,
        0.154667,
        0.125312,
        0.151169,
        0.167031
      ],
      [
        0.165,
        0.134483,
        0.136727,
        0.084407,
        0.0,
        0.163265,
        0.067308,
        0.122115,
        0.107547,
        0.117812,
        0.154219,
        0.062373,
        0.238824,
        0.107818,
        0.122154,
        0.122692,
        0.0818,
        0.100182,
        0.095714,
        0.136271,
        0.149643,
        0.100164,
        0.099608,
        0.1494,
        0.121698,
        0.123846,
        0.160784
      ],
      [
        0.196508,
        0.180517,
        0.148548,
        0.152542,
        0.163265,
        0.0,
        0.178519,
        0.172,
        0.21,
        0.192877,
        0.218841,
        0.147241,
        0.186667,
        0.200345,
        0.112568,
        0.139219,
        0.145161,
        0.177627,
        0.184151,
        0.218906,
        0.106061,
        0.167344,
        0.154848,
        0.128462,
        0.183871,
        0.240725,
        0.251385
      ],
      [
        0.253077,
        0.1412,
        0.1908,
        0.093448,
        0.067308,
        0.178519,
        0.0,
        0.159333,
        0.095882,
        0.116857,
        0.194444,
        0.083571,
        0.251923,
        0.1508,
        0.161176,
        0.131786,
        0.126897,
        0.10875,
        0.1296,
        0.152759,
        0.364523,
        0.146875,
        0.101034,
        0.114783,
        0.174194,
        0.194857,
        0.092667
      ],
      [
        0.181111,
        0.189687,
        0.221324,
        0.129697,
        0.122115,
        0.172,
        0.159333,
        0.0,
        0.108904,
        0.177403,
        0.151067,
        0.16625,
        0.312647,
        0.132656,
        0.188228,
        0.130845,
        0.123014,
        0.163621,
        0.145893,
        0.155942,
        0.233333,
        0.142027,
        0.198243,
        0.220625,
        0.112344,
        0.181039,
        0.145821
      ],
      [
        0.188197,
        0.14371,
        0.208889,
        0.138676,
        0.107547,
        0.21,
        0.095882,
        0.108904,
        0.0,
        0.189383,
        0.131842,
        0.140615,
        0.331385,
        0.126349,
        0.197073,
        0.141594,
        0.156232,
        0.156441,
        0.123396,
        0.095507,
        0.23,
        0.13058,
        0.183378,
        0.216923,
        0.127727,
        0.194545,
        0.133478
      ],
      [
        0.206712,
        0.166053,
        0.193151,
        0.151039,
        0.117812,
        0.192877,
        0.116857,
        0.177403,
        0.189383,
        0.0,
        0.195354,
        0.1384,
        0.2475,
        0.161282,
        0.1432,
        0.155352,
        0.133,
        0.172174,
        0.167667,
        0.201047,
        0.195238,
        0.141573,
        0.175,
        0.168378,
        0.156883,
        0.161959,
        0.218816
      ],
      [
        0.167917,
        0.203429,
        0.233521,
        0.197733,
        0.154219,
        0.218841,
        0.194444,
        0.151067,
        0.131842,
        0.195354,
        0.0,
        0.194167,
        0.308472,
        0.181127,
        0.206105,
        0.175373,
        0.183382,
        0.193115,
        0.15678,
        0.153797,
        0.223077,
        0.169518,
        0.221096,
        0.245571,
        0.133099,
        0.193085,
        0.194167
      ],
      [
        0.182581,
        0.150154,
        0.128769,
        0.096143,
        0.062373,
        0.147241,
        0.083571,
        0.16625,
        0.140615,
        0.1384,
        0.194167,
        0.0,
        0.216094,
        0.144098,
        0.113797,
        0.129524,
        0.119375,
        0.129344,
        0.109821,
        0.149429,
        0.156667,
        0.109306,
        0.107812,
        0.164603,
        0.12619,
        0.155333,
        0.20629
      ],
      [
        0.248209,
        0.229677,
        0.200274,
        0.230476,
        0.238824,
        0.186667,
        0.251923,
        0.312647,
        0.331385,
        0.2475,
        0.308472,
        0.216094,
        0.0,
        0.276552,
        0.198462,
        0.219344,
        0.258125,
        0.232167,
        0.251837,
        0.310159,
        0.2,
        0.218696,
        0.195652,
        0.143731,
        0.252344,
        0.271538,
        0.327576
      ],
      [
        0.18322,
        0.143871,
        0.178852,
        0.130645,
        0.107818,
        0.200345,
        0.1508,
        0.132656,
        0.126349,
        0.161282,
        0.181127,
        0.144098,
        0.276552,
        0.0,
        0.171351,
        0.132951,
        0.131864,
        0.147069,
        0.109,
        0.13,
        0.1775,
        0.113478,
        0.173548,
        0.174483,
        0.128852,
        0.166389,
        0.167705
      ],
      [
        0.195867,
        0.17726,
        0.1368,
        0.133846,
        0.122154,
        0.112568,
        0.161176,
        0.188228,
        0.197073,
        0.1432,
        0.206105,
        0.113797,
        0.198462,
        0.171351,
        0.0,
        0.12589,
        0.144306,
        0.164118,
        0.158,
        0.218861,
        0.152381,
        0.14069,
        0.140649,
        0.130395,
        0.181299,
        0.194898,
        0.235833
      ],
      [
        0.168387,
        0.165333,
        0.149677,
        0.102985,
        0.122692,
        0.139219,
        0.131786,
        0.130845,
        0.141594,
        0.155352,
        0.175373,
        0.129524,
        0.219344,
        0.132951,
        0.12589,
        0.0,
        0.095606,
        0.13125,
        0.125094,
        0.17,
        0.170303,
        0.115224,
        0.128154,
        0.1525,
        0.1395,
        0.18,
        0.185806
      ],
      [
        0.166066,
        0.163871,
        0.172903,
        0.100484,
        0.0818,
        0.145161,
        0.126897,
        0.123014,
        0.156232,
        0.133,
        0.183382,
        0.119375,
        0.258125,
        0.131864,
        0.144306,
        0.095606,
        0.0,
        0.108571,
        0.110556,
        0.165625,
        0.205143,
        0.124179,
        0.149853,
        0.172167,
        0.149836,
        0.187042,
        0.174375
      ],
      [
        0.147258,
        0.136508,
        0.146271,
        0.1125,
        0.100182,
        0.177627,
        0.10875,
        0.163621,
        0.156441,
        0.172174,
        0.193115,
        0.129344,
        0.232167,
        0.147069,
        0.164118,
        0.13125,
        0.108571,
        0.0,
        0.119792,
        0.145873,
        0.187879,
        0.134154,
        0.138983,
        0.167419,
        0.136613,
        0.175909,
        0.149107
      ],
      [
        0.1775,
        0.148077,
        0.12875,
        0.101455,
        0.095714,
        0.184151,
        0.1296,
        0.145893,
        0.123396,
        0.167667,
        0.15678,
        0.109821,
        0.251837,
        0.109,
        0.158,
        0.125094,
        0.110556,
        0.119792,
        0.0,
        0.139273,
        0.178846,
        0.133898,
        0.120893,
        0.17098,
        0.155185,
        0.179355,
        0.1388
      ],
      [
        0.159683,
        0.132239,
        0.204687,
        0.166143,
        0.136271,
        0.218906,
        0.152759,
        0.155942,
        0.095507,
        0.201047,
        0.153797,
        0.149429,
        0.310159,
        0.13,
        0.218861,
        0.17,
        0.165625,
        0.145873,
        0.139273,
        0.0,
        0.22575,
        0.153662,
        0.215735,
        0.213731,
        0.144925,
        0.196,
        0.127463
      ],
      [
        0.198857,
        0.150833,
        0.136765,
        0.195588,
        0.149643,
        0.106061,
        0.364523,
        0.233333,
        0.23,
        0.195238,
        0.223077,
        0.156667,
        0.2,
        0.1775,
        0.152381,
        0.170303,
        0.205143,
        0.187879,
        0.178846,
        0.22575,
        0.0,
        0.179444,
        0.119143,
        0.140513,
        0.195625,
        0.238718,
        0.326857
      ],
      [
        0.183433,
        0.165373,
        0.148,
        0.101429,
        0.100164,
        0.167344,
        0.146875,
        0.142027,
        0.13058,
        0.141573,
        0.169518,
        0.109306,
        0.218696,
        0.113478,
        0.14069,
        0.115224,
        0.124179,
        0.134154,
        0.133898,
        0.153662,
        0.179444,
        0.0,
        0.126471,
        0.149219,
        0.135429,
        0.131461,
        0.163939
      ],
      [
        0.212258,
        0.145738,
        0.131791,
        0.126061,
        0.099608,
        0.154848,
        0.101034,
        0.198243,
        0.183378,
        0.175,
        0.221096,
        0.107812,
        0.195652,
        0.173548,
        0.140649,
        0.128154,
        0.149853,
        0.138983,
        0.120893,
        0.215735,
        0.119143,
        0.126471,
        0.0,
        0.132308,
        0.172308,
        0.193867,
        0.208462
      ],
      [
        0.214462,
        0.159524,
        0.142059,
        0.154667,
        0.1494,
        0.128462,
        0.114783,
        0.220625,
        0.216923,
        0.168378,
        0.245571,
        0.164603,
        0.143731,
        0.174483,
        0.130395,
        0.1525,
        0.172167,
        0.167419,
        0.17098,
        0.213731,
        0.140513,
        0.149219,
        0.132308,
        0.0,
        0.169355,
        0.244507,
        0.253231
      ],
      [
        0.144237,
        0.179355,
        0.191935,
        0.125312,
        0.121698,
        0.183871,
        0.174194,
        0.112344,
        0.127727,
        0.156883,
        0.133099,
        0.12619,
        0.252344,
        0.128852,
        0.181299,
        0.1395,
        0.149836,
        0.136613,
        0.155185,
        0.144925,
        0.195625,
        0.135429,
        0.172308,
        0.169355,
        0.0,
        0.151644,
        0.184576
      ],
      [
        0.233056,
        0.175417,
        0.228082,
        0.151169,
        0.123846,
        0.240725,
        0.194857,
        0.181039,
        0.194545,
        0.161959,
        0.193085,
        0.155333,
        0.271538,
        0.166389,
        0.194898,
        0.18,
        0.187042,
        0.175909,
        0.179355,
        0.196,
        0.238718,
        0.131461,
        0.193867,
        0.244507,
        0.151644,
        0.0,
        0.233151
      ],
      [
        0.235902,
        0.204754,
        0.239687,
        0.167031,
        0.160784,
        0.251385,
        0.092667,
        0.145821,
        0.133478,
        0.218816,
        0.194167,
        0.20629,
        0.327576,
        0.167705,
        0.235833,
        0.185806,
        0.174375,
        0.149107,
        0.1388,
        0.127463,
        0.326857,
        0.163939,
        0.208462,
        0.253231,
        0.184576,
        0.233151,
        0.0
      ]
    ],
    "pair_count_matrix": [
      [
        0,
        64,
        64,
        60,
        52,
        63,
        26,
        63,
        61,
        73,
        72,
        62,
        67,
        59,
        75,
        62,
        61,
        62,
        52,
        63,
        35,
        67,
        62,
        65,
        59,
        72,
        61
      ],
      [
        64,
        0,
        62,
        67,
        58,
        58,
        25,
        64,
        62,
        76,
        70,
        65,
        62,
        62,
        73,
        60,
        62,
        63,
        52,
        67,
        36,
        67,
        61,
        63,
        62,
        72,
        61
      ],
      [
        64,
        62,
        0,
        63,
        55,
        62,
        25,
        68,
        63,
        73,
        71,
        65,
        73,
        61,
        75,
        62,
        62,
        59,
        56,
        64,
        34,
        70,
        67,
        68,
        62,
        73,
        64
      ],
      [
        60,
        67,
        63,
        0,
        59,
        59,
        29,
        66,
        68,
        77,
        75,
        70,
        63,
        62,
        78,
        67,
        62,
        60,
        55,
        70,
        34,
        70,
        66,
        60,
        64,
        77,
        64
      ],
      [
        52,
        58,
        55,
        59,
        0,
        49,
        26,
        52,
        53,
        64,
        64,
        59,
        51,
        55,
        65,
        52,
        50,
        55,
        49,
        59,
        28,
        61,
        51,
        50,
        53,
        65,
        51
      ],
      [
        63,
        58,
        62,
        59,
        49,
        0,
        27,
        65,
        66,
        73,
        69,
        58,
        63,
        58,
        74,
        64,
        62,
        59,
        53,
        64,
        33,
        64,
        66,
        65,
        62,
        69,
        65
      ],
      [
        26,
        25,
        25,
        29,
        26,
        27,
        0,
        30,
        34,
        35,
        36,
        28,
        26,
        25,
        34,
        28,
        29,
        24,
        25,
        29,
        0,
        32,
        29,
        23,
        31,
        35,
        30
      ],
      [
        63,
        64,
        68,
        66,
        52,
        65,
        30,
        0,
        73,
        77,
        75,
        64,
        68,
        64,
        79,
        71,
        73,
        58,
        56,
        69,
        36,
        74,
        74,
        64,
        64,
        77,
        67
      ],
      [
        61,
        62,
        63,
        68,
        53,
        66,
        34,
        73,
        0,
        81,
        76,
        65,
        65,
        63,
        82,
        69,
        69,
        59,
        53,
        69,
        37,
        69,
        74,
        65,
        66,
        77,
        69
      ],
      [
        73,
        76,
        73,
        77,
        64,
        73,
        35,
        77,
        81,
        0,
        99,
        75,
        76,
        78,
        100,
        71,
        70,
        69,
        60,
        86,
        42,
        89,
        80,
        74,
        77,
        97,
        76
      ],
      [
        72,
        70,
        71,
        75,
        64,
        69,
        36,
        75,
        76,
        99,
        0,
        72,
        72,
        71,
        95,
        67,
        68,
        61,
        59,
        79,
        39,
        83,
        73,
        70,
        71,
        94,
        72
      ],
      [
        62,
        65,
        65,
        70,
        59,
        58,
        28,
        64,
        65,
        75,
        72,
        0,
        64,
        61,
        79,
        63,
        64,
        61,
        56,
        70,
        39,
        72,
        64,
        63,
        63,
        75,
        62
      ],
      [
        67,
        62,
        73,
        63,
        51,
        63,
        26,
        68,
        65,
        76,
        72,
        64,
        0,
        58,
        78,
        61,
        64,
        60,
        49,
        63,
        39,
        69,
        69,
        67,
        64,
        78,
        66
      ],
      [
        59,
        62,
        61,
        62,
        55,
        58,
        25,
        64,
        63,
        78,
        71,
        61,
        58,
        0,
        74,
        61,
        59,
        58,
        50,
        69,
        32,
        69,
        62,
        58,
        61,
        72,
        61
      ],
      [
        75,
        73,
        75,
        78,
        65,
        74,
        34,
        79,
        82,
        100,
        95,
        79,
        78,
        74,
        0,
        73,
        72,
        68,
        60,
        79,
        42,
        87,
        77,
        76,
        77,
        98,
        72
      ],
      [
        62,
        60,
        62,
        67,
        52,
        64,
        28,
        71,
        69,
        71,
        67,
        63,
        61,
        61,
        73,
        0,
        66,
        56,
        53,
        64,
        33,
        67,
        65,
        60,
        60,
        71,
        62
      ],
      [
        61,
        62,
        62,
        62,
        50,
        62,
        29,
        73,
        69,
        70,
        68,
        64,
        64,
        59,
        72,
        66,
        0,
        56,
        54,
        64,
        35,
        67,
        68,
        60,
        61,
        71,
        64
      ],
      [
        62,
        63,
        59,
        60,
        55,
        59,
        24,
        58,
        59,
        69,
        61,
        61,
        60,
        58,
        68,
        56,
        56,
        0,
        48,
        63,
        33,
        65,
        59,
        62,
        62,
        66,
        56
      ],
      [
        52,
        52,
        56,
        55,
        49,
        53,
        25,
        56,
        53,
        60,
        59,
        56,
        49,
        50,
        60,
        53,
        54,
        48,
        0,
        55,
        26,
        59,
        56,
        51,
        54,
        62,
        50
      ],
      [
        63,
        67,
        64,
        70,
        59,
        64,
        29,
        69,
        69,
        86,
        79,
        70,
        63,
        69,
        79,
        64,
        64,
        63,
        55,
        0,
        40,
        71,
        68,
        67,
        67,
        75,
        67
      ],
      [
        35,
        36,
        34,
        34,
        28,
        33,
        0,
        36,
        37,
        42,
        39,
        39,
        39,
        32,
        42,
        33,
        35,
        33,
        26,
        40,
        0,
        36,
        35,
        39,
        32,
        39,
        35
      ],
      [
        67,
        67,
        70,
        70,
        61,
        64,
        32,
        74,
        69,
        89,
        83,
        72,
        69,
        69,
        87,
        67,
        67,
        65,
        59,
        71,
        36,
        0,
        68,
        64,
        70,
        89,
        66
      ],
      [
        62,
        61,
        67,
        66,
        51,
        66,
        29,
        74,
        74,
        80,
        73,
        64,
        69,
        62,
        77,
        65,
        68,
        59,
        56,
        68,
        35,
        68,
        0,
        65,
        65,
        75,
        65
      ],
      [
        65,
        63,
        68,
        60,
        50,
        65,
        23,
        64,
        65,
        74,
        70,
        63,
        67,
        58,
        76,
        60,
        60,
        62,
        51,
        67,
        39,
        64,
        65,
        0,
        62,
        71,
        65
      ],
      [
        59,
        62,
        62,
        64,
        53,
        62,
        31,
        64,
        66,
        77,
        71,
        63,
        64,
        61,
        77,
        60,
        61,
        62,
        54,
        67,
        32,
        70,
        65,
        62,
        0,
        73,
        59
      ],
      [
        72,
        72,
        73,
        77,
        65,
        69,
        35,
        77,
        77,
        97,
        94,
        75,
        78,
        72,
        98,
        71,
        71,
        66,
        62,
        75,
        39,
        89,
        75,
        71,
        73,
        0,
        73
      ],
      [
        61,
        61,
        64,
        64,
        51,
        65,
        30,
        67,
        69,
        76,
        72,
        62,
        66,
        61,
        72,
        62,
        64,
        56,
        50,
        67,
        35,
        66,
        65,
        65,
        59,
        73,
        0
      ]
    ],
    "pair_records": [
      {
        "country_a": "Austria",
        "country_b": "Belgium",
        "distance": 0.166875,
        "pair_count": 64
      },
      {
        "country_a": "Austria",
        "country_b": "Bulgaria",
        "distance": 0.186719,
        "pair_count": 64
      },
      {
        "country_a": "Austria",
        "country_b": "Croatia",
        "distance": 0.178,
        "pair_count": 60
      },
      {
        "country_a": "Austria",
        "country_b": "Cyprus",
        "distance": 0.165,
        "pair_count": 52
      },
      {
        "country_a": "Austria",
        "country_b": "Czechia",
        "distance": 0.196508,
        "pair_count": 63
      },
      {
        "country_a": "Austria",
        "country_b": "Denmark",
        "distance": 0.253077,
        "pair_count": 26
      },
      {
        "country_a": "Austria",
        "country_b": "Estonia",
        "distance": 0.181111,
        "pair_count": 63
      },
      {
        "country_a": "Austria",
        "country_b": "Finland",
        "distance": 0.188197,
        "pair_count": 61
      },
      {
        "country_a": "Austria",
        "country_b": "France",
        "distance": 0.206712,
        "pair_count": 73
      },
      {
        "country_a": "Austria",
        "country_b": "Germany",
        "distance": 0.167917,
        "pair_count": 72
      },
      {
        "country_a": "Austria",
        "country_b": "Greece",
        "distance": 0.182581,
        "pair_count": 62
      },
      {
        "country_a": "Austria",
        "country_b": "Hungary",
        "distance": 0.248209,
        "pair_count": 67
      },
      {
        "country_a": "Austria",
        "country_b": "Ireland",
        "distance": 0.18322,
        "pair_count": 59
      },
      {
        "country_a": "Austria",
        "country_b": "Italy",
        "distance": 0.195867,
        "pair_count": 75
      },
      {
        "country_a": "Austria",
        "country_b": "Latvia",
        "distance": 0.168387,
        "pair_count": 62
      },
      {
        "country_a": "Austria",
        "country_b": "Lithuania",
        "distance": 0.166066,
        "pair_count": 61
      },
      {
        "country_a": "Austria",
        "country_b": "Luxembourg",
        "distance": 0.147258,
        "pair_count": 62
      },
      {
        "country_a": "Austria",
        "country_b": "Malta",
        "distance": 0.1775,
        "pair_count": 52
      },
      {
        "country_a": "Austria",
        "country_b": "Netherlands",
        "distance": 0.159683,
        "pair_count": 63
      },
      {
        "country_a": "Austria",
        "country_b": "Poland",
        "distance": 0.198857,
        "pair_count": 35
      },
      {
        "country_a": "Austria",
        "country_b": "Portugal",
        "distance": 0.183433,
        "pair_count": 67
      },
      {
        "country_a": "Austria",
        "country_b": "Romania",
        "distance": 0.212258,
        "pair_count": 62
      },
      {
        "country_a": "Austria",
        "country_b": "Slovakia",
        "distance": 0.214462,
        "pair_count": 65
      },
      {
        "country_a": "Austria",
        "country_b": "Slovenia",
        "distance": 0.144237,
        "pair_count": 59
      },
      {
        "country_a": "Austria",
        "country_b": "Spain",
        "distance": 0.233056,
        "pair_count": 72
      },
      {
        "country_a": "Austria",
        "country_b": "Sweden",
        "distance": 0.235902,
        "pair_count": 61
      },
      {
        "country_a": "Belgium",
        "country_b": "Bulgaria",
        "distance": 0.175,
        "pair_count": 62
      },
      {
        "country_a": "Belgium",
        "country_b": "Croatia",
        "distance": 0.147463,
        "pair_count": 67
      },
      {
        "country_a": "Belgium",
        "country_b": "Cyprus",
        "distance": 0.134483,
        "pair_count": 58
      },
      {
        "country_a": "Belgium",
        "country_b": "Czechia",
        "distance": 0.180517,
        "pair_count": 58
      },
      {
        "country_a": "Belgium",
        "country_b": "Denmark",
        "distance": 0.1412,
        "pair_count": 25
      },
      {
        "country_a": "Belgium",
        "country_b": "Estonia",
        "distance": 0.189687,
        "pair_count": 64
      },
      {
        "country_a": "Belgium",
        "country_b": "Finland",
        "distance": 0.14371,
        "pair_count": 62
      },
      {
        "country_a": "Belgium",
        "country_b": "France",
        "distance": 0.166053,
        "pair_count": 76
      },
      {
        "country_a": "Belgium",
        "country_b": "Germany",
        "distance": 0.203429,
        "pair_count": 70
      },
      {
        "country_a": "Belgium",
        "country_b": "Greece",
        "distance": 0.150154,
        "pair_count": 65
      },
      {
        "country_a": "Belgium",
        "country_b": "Hungary",
        "distance": 0.229677,
        "pair_count": 62
      },
      {
        "country_a": "Belgium",
        "country_b": "Ireland",
        "distance": 0.143871,
        "pair_count": 62
      },
      {
        "country_a": "Belgium",
        "country_b": "Italy",
        "distance": 0.17726,
        "pair_count": 73
      },
      {
        "country_a": "Belgium",
        "country_b": "Latvia",
        "distance": 0.165333,
        "pair_count": 60
      },
      {
        "country_a": "Belgium",
        "country_b": "Lithuania",
        "distance": 0.163871,
        "pair_count": 62
      },
      {
        "country_a": "Belgium",
        "country_b": "Luxembourg",
        "distance": 0.136508,
        "pair_count": 63
      },
      {
        "country_a": "Belgium",
        "country_b": "Malta",
        "distance": 0.148077,
        "pair_count": 52
      },
      {
        "country_a": "Belgium",
        "country_b": "Netherlands",
        "distance": 0.132239,
        "pair_count": 67
      },
      {
        "country_a": "Belgium",
        "country_b": "Poland",
        "distance": 0.150833,
        "pair_count": 36
      },
      {
        "country_a": "Belgium",
        "country_b": "Portugal",
        "distance": 0.165373,
        "pair_count": 67
      },
      {
        "country_a": "Belgium",
        "country_b": "Romania",
        "distance": 0.145738,
        "pair_count": 61
      },
      {
        "country_a": "Belgium",
        "country_b": "Slovakia",
        "distance": 0.159524,
        "pair_count": 63
      },
      {
        "country_a": "Belgium",
        "country_b": "Slovenia",
        "distance": 0.179355,
        "pair_count": 62
      },
      {
        "country_a": "Belgium",
        "country_b": "Spain",
        "distance": 0.175417,
        "pair_count": 72
      },
      {
        "country_a": "Belgium",
        "country_b": "Sweden",
        "distance": 0.204754,
        "pair_count": 61
      },
      {
        "country_a": "Bulgaria",
        "country_b": "Croatia",
        "distance": 0.115714,
        "pair_count": 63
      },
      {
        "country_a": "Bulgaria",
        "country_b": "Cyprus",
        "distance": 0.136727,
        "pair_count": 55
      },
      {
        "country_a": "Bulgaria",
        "country_b": "Czechia",
        "distance": 0.148548,
        "pair_count": 62
      },
      {
        "country_a": "Bulgaria",
        "country_b": "Denmark",
        "distance": 0.1908,
        "pair_count": 25
      },
      {
        "country_a": "Bulgaria",
        "country_b": "Estonia",
        "distance": 0.221324,
        "pair_count": 68
      },
      {
        "country_a": "Bulgaria",
        "country_b": "Finland",
        "distance": 0.208889,
        "pair_count": 63
      },
      {
        "country_a": "Bulgaria",
        "country_b": "France",
        "distance": 0.193151,
        "pair_count": 73
      },
      {
        "country_a": "Bulgaria",
        "country_b": "Germany",
        "distance": 0.233521,
        "pair_count": 71
      },
      {
        "country_a": "Bulgaria",
        "country_b": "Greece",
        "distance": 0.128769,
        "pair_count": 65
      },
      {
        "country_a": "Bulgaria",
        "country_b": "Hungary",
        "distance": 0.200274,
        "pair_count": 73
      },
      {
        "country_a": "Bulgaria",
        "country_b": "Ireland",
        "distance": 0.178852,
        "pair_count": 61
      },
      {
        "country_a": "Bulgaria",
        "country_b": "Italy",
        "distance": 0.1368,
        "pair_count": 75
      },
      {
        "country_a": "Bulgaria",
        "country_b": "Latvia",
        "distance": 0.149677,
        "pair_count": 62
      },
      {
        "country_a": "Bulgaria",
        "country_b": "Lithuania",
        "distance": 0.172903,
        "pair_count": 62
      },
      {
        "country_a": "Bulgaria",
        "country_b": "Luxembourg",
        "distance": 0.146271,
        "pair_count": 59
      },
      {
        "country_a": "Bulgaria",
        "country_b": "Malta",
        "distance": 0.12875,
        "pair_count": 56
      },
      {
        "country_a": "Bulgaria",
        "country_b": "Netherlands",
        "distance": 0.204687,
        "pair_count": 64
      },
      {
        "country_a": "Bulgaria",
        "country_b": "Poland",
        "distance": 0.136765,
        "pair_count": 34
      },
      {
        "country_a": "Bulgaria",
        "country_b": "Portugal",
        "distance": 0.148,
        "pair_count": 70
      },
      {
        "country_a": "Bulgaria",
        "country_b": "Romania",
        "distance": 0.131791,
        "pair_count": 67
      },
      {
        "country_a": "Bulgaria",
        "country_b": "Slovakia",
        "distance": 0.142059,
        "pair_count": 68
      },
      {
        "country_a": "Bulgaria",
        "country_b": "Slovenia",
        "distance": 0.191935,
        "pair_count": 62
      },
      {
        "country_a": "Bulgaria",
        "country_b": "Spain",
        "distance": 0.228082,
        "pair_count": 73
      },
      {
        "country_a": "Bulgaria",
        "country_b": "Sweden",
        "distance": 0.239687,
        "pair_count": 64
      },
      {
        "country_a": "Croatia",
        "country_b": "Cyprus",
        "distance": 0.084407,
        "pair_count": 59
      },
      {
        "country_a": "Croatia",
        "country_b": "Czechia",
        "distance": 0.152542,
        "pair_count": 59
      },
      {
        "country_a": "Croatia",
        "country_b": "Denmark",
        "distance": 0.093448,
        "pair_count": 29
      },
      {
        "country_a": "Croatia",
        "country_b": "Estonia",
        "distance": 0.129697,
        "pair_count": 66
      },
      {
        "country_a": "Croatia",
        "country_b": "Finland",
        "distance": 0.138676,
        "pair_count": 68
      },
      {
        "country_a": "Croatia",
        "country_b": "France",
        "distance": 0.151039,
        "pair_count": 77
      },
      {
        "country_a": "Croatia",
        "country_b": "Germany",
        "distance": 0.197733,
        "pair_count": 75
      },
      {
        "country_a": "Croatia",
        "country_b": "Greece",
        "distance": 0.096143,
        "pair_count": 70
      },
      {
        "country_a": "Croatia",
        "country_b": "Hungary",
        "distance": 0.230476,
        "pair_count": 63
      },
      {
        "country_a": "Croatia",
        "country_b": "Ireland",
        "distance": 0.130645,
        "pair_count": 62
      },
      {
        "country_a": "Croatia",
        "country_b": "Italy",
        "distance": 0.133846,
        "pair_count": 78
      },
      {
        "country_a": "Croatia",
        "country_b": "Latvia",
        "distance": 0.102985,
        "pair_count": 67
      },
      {
        "country_a": "Croatia",
        "country_b": "Lithuania",
        "distance": 0.100484,
        "pair_count": 62
      },
      {
        "country_a": "Croatia",
        "country_b": "Luxembourg",
        "distance": 0.1125,
        "pair_count": 60
      },
      {
        "country_a": "Croatia",
        "country_b": "Malta",
        "distance": 0.101455,
        "pair_count": 55
      },
      {
        "country_a": "Croatia",
        "country_b": "Netherlands",
        "distance": 0.166143,
        "pair_count": 70
      },
      {
        "country_a": "Croatia",
        "country_b": "Poland",
        "distance": 0.195588,
        "pair_count": 34
      },
      {
        "country_a": "Croatia",
        "country_b": "Portugal",
        "distance": 0.101429,
        "pair_count": 70
      },
      {
        "country_a": "Croatia",
        "country_b": "Romania",
        "distance": 0.126061,
        "pair_count": 66
      },
      {
        "country_a": "Croatia",
        "country_b": "Slovakia",
        "distance": 0.154667,
        "pair_count": 60
      },
      {
        "country_a": "Croatia",
        "country_b": "Slovenia",
        "distance": 0.125312,
        "pair_count": 64
      },
      {
        "country_a": "Croatia",
        "country_b": "Spain",
        "distance": 0.151169,
        "pair_count": 77
      },
      {
        "country_a": "Croatia",
        "country_b": "Sweden",
        "distance": 0.167031,
        "pair_count": 64
      },
      {
        "country_a": "Cyprus",
        "country_b": "Czechia",
        "distance": 0.163265,
        "pair_count": 49
      },
      {
        "country_a": "Cyprus",
        "country_b": "Denmark",
        "distance": 0.067308,
        "pair_count": 26
      },
      {
        "country_a": "Cyprus",
        "country_b": "Estonia",
        "distance": 0.122115,
        "pair_count": 52
      },
      {
        "country_a": "Cyprus",
        "country_b": "Finland",
        "distance": 0.107547,
        "pair_count": 53
      },
      {
        "country_a": "Cyprus",
        "country_b": "France",
        "distance": 0.117812,
        "pair_count": 64
      },
      {
        "country_a": "Cyprus",
        "country_b": "Germany",
        "distance": 0.154219,
        "pair_count": 64
      },
      {
        "country_a": "Cyprus",
        "country_b": "Greece",
        "distance": 0.062373,
        "pair_count": 59
      },
      {
        "country_a": "Cyprus",
        "country_b": "Hungary",
        "distance": 0.238824,
        "pair_count": 51
      },
      {
        "country_a": "Cyprus",
        "country_b": "Ireland",
        "distance": 0.107818,
        "pair_count": 55
      },
      {
        "country_a": "Cyprus",
        "country_b": "Italy",
        "distance": 0.122154,
        "pair_count": 65
      },
      {
        "country_a": "Cyprus",
        "country_b": "Latvia",
        "distance": 0.122692,
        "pair_count": 52
      },
      {
        "country_a": "Cyprus",
        "country_b": "Lithuania",
        "distance": 0.0818,
        "pair_count": 50
      },
      {
        "country_a": "Cyprus",
        "country_b": "Luxembourg",
        "distance": 0.100182,
        "pair_count": 55
      },
      {
        "country_a": "Cyprus",
        "country_b": "Malta",
        "distance": 0.095714,
        "pair_count": 49
      },
      {
        "country_a": "Cyprus",
        "country_b": "Netherlands",
        "distance": 0.136271,
        "pair_count": 59
      },
      {
        "country_a": "Cyprus",
        "country_b": "Poland",
        "distance": 0.149643,
        "pair_count": 28
      },
      {
        "country_a": "Cyprus",
        "country_b": "Portugal",
        "distance": 0.100164,
        "pair_count": 61
      },
      {
        "country_a": "Cyprus",
        "country_b": "Romania",
        "distance": 0.099608,
        "pair_count": 51
      },
      {
        "country_a": "Cyprus",
        "country_b": "Slovakia",
        "distance": 0.1494,
        "pair_count": 50
      },
      {
        "country_a": "Cyprus",
        "country_b": "Slovenia",
        "distance": 0.121698,
        "pair_count": 53
      },
      {
        "country_a": "Cyprus",
        "country_b": "Spain",
        "distance": 0.123846,
        "pair_count": 65
      },
      {
        "country_a": "Cyprus",
        "country_b": "Sweden",
        "distance": 0.160784,
        "pair_count": 51
      },
      {
        "country_a": "Czechia",
        "country_b": "Denmark",
        "distance": 0.178519,
        "pair_count": 27
      },
      {
        "country_a": "Czechia",
        "country_b": "Estonia",
        "distance": 0.172,
        "pair_count": 65
      },
      {
        "country_a": "Czechia",
        "country_b": "Finland",
        "distance": 0.21,
        "pair_count": 66
      },
      {
        "country_a": "Czechia",
        "country_b": "France",
        "distance": 0.192877,
        "pair_count": 73
